market_code,funding_rate,timestamp,collection_time
100000BABYDOGE-USD-SWAP-LIN,3e-06,2025-05-04 02:00:15,2025-05-04 02:08:18
100000BABYDOGE-USD-SWAP-LIN,3e-06,2025-05-04 03:00:16,2025-05-04 03:29:16
100000BABYDOGE-USD-SWAP-LIN,3e-06,2025-05-04 04:00:16,2025-05-04 04:36:14
100000BABYDOGE-USD-SWAP-LIN,4e-06,2025-05-04 05:00:16,2025-05-04 05:30:57
100000BABYDOGE-USD-SWAP-LIN,3e-06,2025-05-04 06:00:13,2025-05-04 06:39:44
100000BABYDOGE-USD-SWAP-LIN,1.3e-05,2025-05-04 07:00:14,2025-05-04 07:29:13
100000BABYDOGE-USD-SWAP-LIN,4e-06,2025-05-04 08:00:14,2025-05-04 08:35:50
100000BABYDOGE-USD-SWAP-LIN,4e-06,2025-05-04 09:00:14,2025-05-04 09:30:47
10000CAW-USD-SWAP-LIN,-1e-05,2025-05-04 02:00:14,2025-05-04 02:06:41
10000CAW-USD-SWAP-LIN,-8e-06,2025-05-04 03:00:15,2025-05-04 03:27:40
10000CAW-USD-SWAP-LIN,0.0,2025-05-04 04:00:15,2025-05-04 04:34:37
10000CAW-USD-SWAP-LIN,-1e-06,2025-05-04 05:00:15,2025-05-04 05:29:20
10000CAW-USD-SWAP-LIN,6e-06,2025-05-04 06:00:12,2025-05-04 06:38:07
10000CAW-USD-SWAP-LIN,-3e-06,2025-05-04 07:00:12,2025-05-04 07:27:36
10000CAW-USD-SWAP-LIN,1e-06,2025-05-04 08:00:13,2025-05-04 08:34:12
10000CAW-USD-SWAP-LIN,2e-06,2025-05-04 09:00:13,2025-05-04 09:29:10
1000ANDY-USD-SWAP-LIN,2.6e-05,2025-05-04 02:00:12,2025-05-04 02:05:11
1000ANDY-USD-SWAP-LIN,2.5e-05,2025-05-04 03:00:13,2025-05-04 03:26:09
1000ANDY-USD-SWAP-LIN,2.2e-05,2025-05-04 04:00:13,2025-05-04 04:33:07
1000ANDY-USD-SWAP-LIN,2.5e-05,2025-05-04 05:00:10,2025-05-04 05:27:49
1000ANDY-USD-SWAP-LIN,2.7e-05,2025-05-04 06:00:10,2025-05-04 06:36:37
1000ANDY-USD-SWAP-LIN,2e-05,2025-05-04 07:00:11,2025-05-04 07:26:06
1000ANDY-USD-SWAP-LIN,2.2e-05,2025-05-04 08:00:11,2025-05-04 08:32:42
1000ANDY-USD-SWAP-LIN,2.2e-05,2025-05-04 09:00:11,2025-05-04 09:27:40
1000BOBO-USD-SWAP-LIN,1.5e-05,2025-05-04 02:00:13,2025-05-04 02:06:02
1000BOBO-USD-SWAP-LIN,2.3e-05,2025-05-04 03:00:14,2025-05-04 03:27:00
1000BOBO-USD-SWAP-LIN,1.6e-05,2025-05-04 04:00:14,2025-05-04 04:33:57
1000BOBO-USD-SWAP-LIN,1.5e-05,2025-05-04 05:00:14,2025-05-04 05:28:40
1000BOBO-USD-SWAP-LIN,2.1e-05,2025-05-04 06:00:12,2025-05-04 06:37:28
1000BOBO-USD-SWAP-LIN,3e-05,2025-05-04 07:00:12,2025-05-04 07:26:57
1000BOBO-USD-SWAP-LIN,2.4e-05,2025-05-04 08:00:12,2025-05-04 08:33:33
1000BOBO-USD-SWAP-LIN,2.7e-05,2025-05-04 09:00:12,2025-05-04 09:28:31
1000BONK-USD-SWAP-LIN,-1.7e-05,2025-05-04 02:00:12,2025-05-04 02:04:57
1000BONK-USD-SWAP-LIN,-2.8e-05,2025-05-04 03:00:13,2025-05-04 03:25:55
1000BONK-USD-SWAP-LIN,-1.7e-05,2025-05-04 04:00:12,2025-05-04 04:32:53
1000BONK-USD-SWAP-LIN,-2.1e-05,2025-05-04 05:00:10,2025-05-04 05:27:35
1000BONK-USD-SWAP-LIN,-2.5e-05,2025-05-04 06:00:10,2025-05-04 06:36:23
1000BONK-USD-SWAP-LIN,-2e-05,2025-05-04 07:00:10,2025-05-04 07:25:52
1000BONK-USD-SWAP-LIN,-3.4e-05,2025-05-04 08:00:11,2025-05-04 08:32:28
1000BONK-USD-SWAP-LIN,-3.9e-05,2025-05-04 09:00:11,2025-05-04 09:27:26
1000CAT-USD-SWAP-LIN,1e-06,2025-05-04 02:00:14,2025-05-04 02:07:21
1000CAT-USD-SWAP-LIN,1e-06,2025-05-04 03:00:15,2025-05-04 03:28:20
1000CAT-USD-SWAP-LIN,-2e-06,2025-05-04 04:00:15,2025-05-04 04:35:17
1000CAT-USD-SWAP-LIN,-3e-06,2025-05-04 05:00:16,2025-05-04 05:29:59
1000CAT-USD-SWAP-LIN,-5e-06,2025-05-04 06:00:13,2025-05-04 06:38:47
1000CAT-USD-SWAP-LIN,0.0,2025-05-04 07:00:13,2025-05-04 07:28:16
1000CAT-USD-SWAP-LIN,-1e-06,2025-05-04 08:00:14,2025-05-04 08:34:52
1000CAT-USD-SWAP-LIN,-3e-06,2025-05-04 09:00:13,2025-05-04 09:29:50
1000CHEEMS-USD-SWAP-LIN,-5e-06,2025-05-04 02:00:15,2025-05-04 02:08:32
1000CHEEMS-USD-SWAP-LIN,-5e-06,2025-05-04 03:00:16,2025-05-04 03:29:31
1000CHEEMS-USD-SWAP-LIN,-1e-06,2025-05-04 04:00:16,2025-05-04 04:36:29
1000CHEEMS-USD-SWAP-LIN,-1e-06,2025-05-04 05:00:17,2025-05-04 05:31:11
1000CHEEMS-USD-SWAP-LIN,-1e-06,2025-05-04 06:00:14,2025-05-04 06:39:59
1000CHEEMS-USD-SWAP-LIN,2e-06,2025-05-04 07:00:14,2025-05-04 07:29:28
1000CHEEMS-USD-SWAP-LIN,0.0,2025-05-04 08:00:14,2025-05-04 08:36:05
1000CHEEMS-USD-SWAP-LIN,1e-06,2025-05-04 09:00:14,2025-05-04 09:31:02
1000COQ-USD-SWAP-LIN,-6e-06,2025-05-04 02:00:12,2025-05-04 02:05:15
1000COQ-USD-SWAP-LIN,-1e-06,2025-05-04 03:00:13,2025-05-04 03:26:13
1000COQ-USD-SWAP-LIN,4e-06,2025-05-04 04:00:13,2025-05-04 04:33:11
1000COQ-USD-SWAP-LIN,2e-06,2025-05-04 05:00:10,2025-05-04 05:27:53
1000COQ-USD-SWAP-LIN,3e-06,2025-05-04 06:00:10,2025-05-04 06:36:41
1000COQ-USD-SWAP-LIN,1e-06,2025-05-04 07:00:11,2025-05-04 07:26:10
1000COQ-USD-SWAP-LIN,5e-06,2025-05-04 08:00:11,2025-05-04 08:32:46
1000COQ-USD-SWAP-LIN,0.0,2025-05-04 09:00:11,2025-05-04 09:27:44
1000FLOKI-USD-SWAP-LIN,-2.2e-05,2025-05-04 02:00:12,2025-05-04 02:05:07
1000FLOKI-USD-SWAP-LIN,-3.1e-05,2025-05-04 03:00:13,2025-05-04 03:26:05
1000FLOKI-USD-SWAP-LIN,-2.7e-05,2025-05-04 04:00:13,2025-05-04 04:33:04
1000FLOKI-USD-SWAP-LIN,-3.4e-05,2025-05-04 05:00:10,2025-05-04 05:27:46
1000FLOKI-USD-SWAP-LIN,-2.6e-05,2025-05-04 06:00:10,2025-05-04 06:36:34
1000FLOKI-USD-SWAP-LIN,-7e-06,2025-05-04 07:00:11,2025-05-04 07:26:03
1000FLOKI-USD-SWAP-LIN,-2.8e-05,2025-05-04 08:00:11,2025-05-04 08:32:38
1000FLOKI-USD-SWAP-LIN,-3.2e-05,2025-05-04 09:00:11,2025-05-04 09:27:37
1000LUNC-USD-SWAP-LIN,2e-06,2025-05-04 02:00:06,2025-05-04 02:01:19
1000LUNC-USD-SWAP-LIN,4e-06,2025-05-04 03:00:08,2025-05-04 03:22:16
1000LUNC-USD-SWAP-LIN,5e-06,2025-05-04 04:00:05,2025-05-04 04:29:12
1000LUNC-USD-SWAP-LIN,3e-06,2025-05-04 05:00:05,2025-05-04 05:23:54
1000LUNC-USD-SWAP-LIN,2e-06,2025-05-04 06:00:05,2025-05-04 06:32:43
1000LUNC-USD-SWAP-LIN,5e-06,2025-05-04 07:00:05,2025-05-04 07:22:12
1000LUNC-USD-SWAP-LIN,3e-06,2025-05-04 08:00:05,2025-05-04 08:28:47
1000LUNC-USD-SWAP-LIN,3e-06,2025-05-04 09:00:06,2025-05-04 09:23:44
1000MOG-USD-SWAP-LIN,4.7e-05,2025-05-04 02:00:07,2025-05-04 02:01:58
1000MOG-USD-SWAP-LIN,4.8e-05,2025-05-04 03:00:08,2025-05-04 03:22:56
1000MOG-USD-SWAP-LIN,4.9e-05,2025-05-04 04:00:08,2025-05-04 04:29:52
1000MOG-USD-SWAP-LIN,5e-05,2025-05-04 05:00:05,2025-05-04 05:24:34
1000MOG-USD-SWAP-LIN,5e-05,2025-05-04 06:00:05,2025-05-04 06:33:22
1000MOG-USD-SWAP-LIN,4.4e-05,2025-05-04 07:00:06,2025-05-04 07:22:51
1000MOG-USD-SWAP-LIN,4.6e-05,2025-05-04 08:00:06,2025-05-04 08:29:27
1000MOG-USD-SWAP-LIN,4.6e-05,2025-05-04 09:00:06,2025-05-04 09:24:24
1000NEIRO1ETH-USD-SWAP-LIN,-1e-06,2025-05-04 02:00:14,2025-05-04 02:07:10
1000NEIRO1ETH-USD-SWAP-LIN,0.0,2025-05-04 03:00:15,2025-05-04 03:28:09
1000NEIRO1ETH-USD-SWAP-LIN,-1e-06,2025-05-04 04:00:15,2025-05-04 04:35:06
1000NEIRO1ETH-USD-SWAP-LIN,0.0,2025-05-04 05:00:16,2025-05-04 05:29:49
1000NEIRO1ETH-USD-SWAP-LIN,-1e-06,2025-05-04 06:00:13,2025-05-04 06:38:36
1000NEIRO1ETH-USD-SWAP-LIN,2e-06,2025-05-04 07:00:13,2025-05-04 07:28:05
1000NEIRO1ETH-USD-SWAP-LIN,0.0,2025-05-04 08:00:13,2025-05-04 08:34:41
1000NEIRO1ETH-USD-SWAP-LIN,0.0,2025-05-04 09:00:13,2025-05-04 09:29:39
1000PEPE-USD-SWAP-LIN,-7e-06,2025-05-04 02:00:07,2025-05-04 02:02:02
1000PEPE-USD-SWAP-LIN,-9e-06,2025-05-04 03:00:08,2025-05-04 03:22:59
1000PEPE-USD-SWAP-LIN,-8e-06,2025-05-04 04:00:08,2025-05-04 04:29:55
1000PEPE-USD-SWAP-LIN,-6e-06,2025-05-04 05:00:06,2025-05-04 05:24:38
1000PEPE-USD-SWAP-LIN,-5e-06,2025-05-04 06:00:05,2025-05-04 06:33:25
1000PEPE-USD-SWAP-LIN,1.1e-05,2025-05-04 07:00:06,2025-05-04 07:22:55
1000PEPE-USD-SWAP-LIN,-2.1e-05,2025-05-04 08:00:06,2025-05-04 08:29:30
1000PEPE-USD-SWAP-LIN,-1e-05,2025-05-04 09:00:06,2025-05-04 09:24:27
1000PORK-USD-SWAP-LIN,7e-06,2025-05-04 02:00:14,2025-05-04 02:07:31
1000PORK-USD-SWAP-LIN,-1.9e-05,2025-05-04 03:00:15,2025-05-04 03:28:30
1000PORK-USD-SWAP-LIN,-3e-05,2025-05-04 04:00:15,2025-05-04 04:35:27
1000PORK-USD-SWAP-LIN,1e-05,2025-05-04 05:00:16,2025-05-04 05:30:10
1000PORK-USD-SWAP-LIN,-2.1e-05,2025-05-04 06:00:13,2025-05-04 06:38:58
1000PORK-USD-SWAP-LIN,8e-06,2025-05-04 07:00:13,2025-05-04 07:28:26
1000PORK-USD-SWAP-LIN,5e-06,2025-05-04 08:00:14,2025-05-04 08:35:03
1000PORK-USD-SWAP-LIN,2e-06,2025-05-04 09:00:13,2025-05-04 09:30:00
1000SATS-USD-SWAP-LIN,-6.2e-05,2025-05-04 02:00:15,2025-05-04 02:07:53
1000SATS-USD-SWAP-LIN,-4.7e-05,2025-05-04 03:00:16,2025-05-04 03:28:51
1000SATS-USD-SWAP-LIN,-3.8e-05,2025-05-04 04:00:15,2025-05-04 04:35:48
1000SATS-USD-SWAP-LIN,-4.6e-05,2025-05-04 05:00:16,2025-05-04 05:30:31
1000SATS-USD-SWAP-LIN,-6.8e-05,2025-05-04 06:00:13,2025-05-04 06:39:19
1000SATS-USD-SWAP-LIN,-4.2e-05,2025-05-04 07:00:13,2025-05-04 07:28:48
1000SATS-USD-SWAP-LIN,-3.8e-05,2025-05-04 08:00:14,2025-05-04 08:35:25
1000SATS-USD-SWAP-LIN,-5.1e-05,2025-05-04 09:00:14,2025-05-04 09:30:22
1000SHIB-USD-SWAP-LIN,-3.6e-05,2025-05-04 02:00:12,2025-05-04 02:05:04
1000SHIB-USD-SWAP-LIN,-2.2e-05,2025-05-04 03:00:13,2025-05-04 03:26:02
1000SHIB-USD-SWAP-LIN,-3.1e-05,2025-05-04 04:00:13,2025-05-04 04:33:00
1000SHIB-USD-SWAP-LIN,-1.4e-05,2025-05-04 05:00:10,2025-05-04 05:27:42
1000SHIB-USD-SWAP-LIN,-1.2e-05,2025-05-04 06:00:10,2025-05-04 06:36:30
1000SHIB-USD-SWAP-LIN,3e-06,2025-05-04 07:00:11,2025-05-04 07:25:59
1000SHIB-USD-SWAP-LIN,-1.5e-05,2025-05-04 08:00:11,2025-05-04 08:32:35
1000SHIB-USD-SWAP-LIN,-2.1e-05,2025-05-04 09:00:11,2025-05-04 09:27:33
1000TOSHI-USD-SWAP-LIN,0.0,2025-05-04 02:00:14,2025-05-04 02:06:38
1000TOSHI-USD-SWAP-LIN,0.0,2025-05-04 03:00:15,2025-05-04 03:27:36
1000TOSHI-USD-SWAP-LIN,1e-06,2025-05-04 04:00:14,2025-05-04 04:34:33
1000TOSHI-USD-SWAP-LIN,0.0,2025-05-04 05:00:15,2025-05-04 05:29:16
1000TOSHI-USD-SWAP-LIN,1e-06,2025-05-04 06:00:12,2025-05-04 06:38:04
1000TOSHI-USD-SWAP-LIN,-1e-06,2025-05-04 07:00:12,2025-05-04 07:27:32
1000TOSHI-USD-SWAP-LIN,1e-06,2025-05-04 08:00:13,2025-05-04 08:34:08
1000TOSHI-USD-SWAP-LIN,-2e-06,2025-05-04 09:00:13,2025-05-04 09:29:06
1000USA-USD-SWAP-LIN,2.6e-05,2025-05-04 02:00:14,2025-05-04 02:06:30
1000USA-USD-SWAP-LIN,2e-05,2025-05-04 03:00:15,2025-05-04 03:27:29
1000USA-USD-SWAP-LIN,1.6e-05,2025-05-04 04:00:14,2025-05-04 04:34:26
1000USA-USD-SWAP-LIN,2.4e-05,2025-05-04 05:00:15,2025-05-04 05:29:09
1000USA-USD-SWAP-LIN,9e-06,2025-05-04 06:00:12,2025-05-04 06:37:57
1000USA-USD-SWAP-LIN,2.9e-05,2025-05-04 07:00:12,2025-05-04 07:27:25
1000USA-USD-SWAP-LIN,3.8e-05,2025-05-04 08:00:13,2025-05-04 08:34:01
1000USA-USD-SWAP-LIN,8e-06,2025-05-04 09:00:12,2025-05-04 09:28:59
1000WEN-USD-SWAP-LIN,1.7e-05,2025-05-04 02:00:14,2025-05-04 02:06:06
1000WEN-USD-SWAP-LIN,2.8e-05,2025-05-04 03:00:14,2025-05-04 03:27:04
1000WEN-USD-SWAP-LIN,1.7e-05,2025-05-04 04:00:14,2025-05-04 04:34:01
1000WEN-USD-SWAP-LIN,1.1e-05,2025-05-04 05:00:14,2025-05-04 05:28:44
1000WEN-USD-SWAP-LIN,1.4e-05,2025-05-04 06:00:12,2025-05-04 06:37:31
1000WEN-USD-SWAP-LIN,2.3e-05,2025-05-04 07:00:12,2025-05-04 07:27:01
1000WEN-USD-SWAP-LIN,2.1e-05,2025-05-04 08:00:12,2025-05-04 08:33:37
1000WEN-USD-SWAP-LIN,2e-05,2025-05-04 09:00:12,2025-05-04 09:28:34
1000WHY-USD-SWAP-LIN,-2e-06,2025-05-04 02:00:14,2025-05-04 02:06:34
1000WHY-USD-SWAP-LIN,3e-06,2025-05-04 03:00:15,2025-05-04 03:27:33
1000WHY-USD-SWAP-LIN,-3e-06,2025-05-04 04:00:14,2025-05-04 04:34:30
1000WHY-USD-SWAP-LIN,-1e-06,2025-05-04 05:00:15,2025-05-04 05:29:13
1000WHY-USD-SWAP-LIN,-1e-06,2025-05-04 06:00:12,2025-05-04 06:38:00
1000WHY-USD-SWAP-LIN,0.0,2025-05-04 07:00:12,2025-05-04 07:27:29
1000WHY-USD-SWAP-LIN,-2e-06,2025-05-04 08:00:13,2025-05-04 08:34:05
1000WHY-USD-SWAP-LIN,3e-06,2025-05-04 09:00:13,2025-05-04 09:29:03
1000WUF-USD-SWAP-LIN,1.4e-05,2025-05-04 02:00:14,2025-05-04 02:07:03
1000WUF-USD-SWAP-LIN,1e-05,2025-05-04 03:00:15,2025-05-04 03:28:02
1000WUF-USD-SWAP-LIN,-1.2e-05,2025-05-04 04:00:15,2025-05-04 04:34:58
1000WUF-USD-SWAP-LIN,1.7e-05,2025-05-04 05:00:16,2025-05-04 05:29:41
1000WUF-USD-SWAP-LIN,-5e-06,2025-05-04 06:00:13,2025-05-04 06:38:29
1000WUF-USD-SWAP-LIN,-1.1e-05,2025-05-04 07:00:13,2025-05-04 07:27:58
1000WUF-USD-SWAP-LIN,-2e-06,2025-05-04 08:00:13,2025-05-04 08:34:34
1000WUF-USD-SWAP-LIN,1.4e-05,2025-05-04 09:00:13,2025-05-04 09:29:32
AAVE-USD-SWAP-LIN,-9e-06,2025-05-04 02:00:09,2025-05-04 02:02:20
AAVE-USD-SWAP-LIN,-1.4e-05,2025-05-04 03:00:10,2025-05-04 03:23:17
AAVE-USD-SWAP-LIN,-1.5e-05,2025-05-04 04:00:09,2025-05-04 04:30:13
AAVE-USD-SWAP-LIN,-1.4e-05,2025-05-04 05:00:07,2025-05-04 05:24:56
AAVE-USD-SWAP-LIN,-9e-06,2025-05-04 06:00:07,2025-05-04 06:33:43
AAVE-USD-SWAP-LIN,-1.6e-05,2025-05-04 07:00:07,2025-05-04 07:23:13
AAVE-USD-SWAP-LIN,-9e-06,2025-05-04 08:00:08,2025-05-04 08:29:48
AAVE-USD-SWAP-LIN,-8e-06,2025-05-04 09:00:08,2025-05-04 09:24:45
ACE-USD-SWAP-LIN,-6.2e-05,2025-05-04 02:00:07,2025-05-04 02:01:48
ACE-USD-SWAP-LIN,-7.7e-05,2025-05-04 03:00:08,2025-05-04 03:22:45
ACE-USD-SWAP-LIN,-6.7e-05,2025-05-04 04:00:06,2025-05-04 04:29:41
ACE-USD-SWAP-LIN,-5.6e-05,2025-05-04 05:00:05,2025-05-04 05:24:23
ACE-USD-SWAP-LIN,-6.9e-05,2025-05-04 06:00:05,2025-05-04 06:33:11
ACE-USD-SWAP-LIN,-3e-06,2025-05-04 07:00:05,2025-05-04 07:22:41
ACE-USD-SWAP-LIN,-9.6e-05,2025-05-04 08:00:06,2025-05-04 08:29:16
ACE-USD-SWAP-LIN,-7.9e-05,2025-05-04 09:00:06,2025-05-04 09:24:13
ACT-USD-SWAP-LIN,-2.9e-05,2025-05-04 02:00:16,2025-05-04 02:09:08
ACT-USD-SWAP-LIN,-1e-06,2025-05-04 03:00:17,2025-05-04 03:30:08
ACT-USD-SWAP-LIN,0.0,2025-05-04 04:00:16,2025-05-04 04:37:05
ACT-USD-SWAP-LIN,-1e-06,2025-05-04 05:00:17,2025-05-04 05:31:47
ACT-USD-SWAP-LIN,-1.8e-05,2025-05-04 06:00:14,2025-05-04 06:40:35
ACT-USD-SWAP-LIN,-2e-06,2025-05-04 07:00:14,2025-05-04 07:30:04
ACT-USD-SWAP-LIN,-2e-06,2025-05-04 08:00:15,2025-05-04 08:36:41
ACT-USD-SWAP-LIN,-3e-06,2025-05-04 09:00:15,2025-05-04 09:31:38
ACX-USD-SWAP-LIN,-5.6e-05,2025-05-04 02:00:20,2025-05-04 02:13:17
ACX-USD-SWAP-LIN,-4.5e-05,2025-05-04 03:00:21,2025-05-04 03:34:15
ACX-USD-SWAP-LIN,-5.2e-05,2025-05-04 04:00:21,2025-05-04 04:41:14
ACX-USD-SWAP-LIN,-4.9e-05,2025-05-04 05:00:22,2025-05-04 05:35:57
ACX-USD-SWAP-LIN,-4.3e-05,2025-05-04 06:00:21,2025-05-04 06:44:41
ACX-USD-SWAP-LIN,-5.7e-05,2025-05-04 07:00:19,2025-05-04 07:34:14
ACX-USD-SWAP-LIN,-5.2e-05,2025-05-04 08:00:19,2025-05-04 08:40:51
ACX-USD-SWAP-LIN,-5.4e-05,2025-05-04 09:00:19,2025-05-04 09:35:50
ADA-USD-SWAP-LIN,-4e-05,2025-05-04 01:00:03,2025-05-04 01:59:14
ADA-USD-SWAP-LIN,-3.3e-05,2025-05-04 03:00:06,2025-05-04 03:20:10
ADA-USD-SWAP-LIN,-3.4e-05,2025-05-04 04:00:03,2025-05-04 04:27:06
ADA-USD-SWAP-LIN,-4.5e-05,2025-05-04 05:00:03,2025-05-04 05:21:49
ADA-USD-SWAP-LIN,-4.7e-05,2025-05-04 06:00:03,2025-05-04 06:30:35
ADA-USD-SWAP-LIN,-3.3e-05,2025-05-04 07:00:03,2025-05-04 07:20:06
ADA-USD-SWAP-LIN,-4.5e-05,2025-05-04 08:00:03,2025-05-04 08:26:41
ADA-USD-SWAP-LIN,-4.9e-05,2025-05-04 09:00:04,2025-05-04 09:21:38
AERO-USD-SWAP-LIN,1e-06,2025-05-04 02:00:11,2025-05-04 02:04:21
AERO-USD-SWAP-LIN,1e-06,2025-05-04 03:00:12,2025-05-04 03:25:19
AERO-USD-SWAP-LIN,2e-06,2025-05-04 04:00:12,2025-05-04 04:32:17
AERO-USD-SWAP-LIN,-1e-06,2025-05-04 05:00:09,2025-05-04 05:26:58
AERO-USD-SWAP-LIN,-2.8e-05,2025-05-04 06:00:09,2025-05-04 06:35:47
AERO-USD-SWAP-LIN,0.0,2025-05-04 07:00:10,2025-05-04 07:25:15
AERO-USD-SWAP-LIN,2e-06,2025-05-04 08:00:10,2025-05-04 08:31:51
AERO-USD-SWAP-LIN,1e-06,2025-05-04 09:00:10,2025-05-04 09:26:49
AEVO-USD-SWAP-LIN,-4.2e-05,2025-05-04 02:00:11,2025-05-04 02:04:06
AEVO-USD-SWAP-LIN,-4.6e-05,2025-05-04 03:00:12,2025-05-04 03:25:05
AEVO-USD-SWAP-LIN,-4.2e-05,2025-05-04 04:00:12,2025-05-04 04:32:02
AEVO-USD-SWAP-LIN,-3.7e-05,2025-05-04 05:00:09,2025-05-04 05:26:44
AEVO-USD-SWAP-LIN,-4e-05,2025-05-04 06:00:09,2025-05-04 06:35:33
AEVO-USD-SWAP-LIN,-2e-06,2025-05-04 07:00:09,2025-05-04 07:25:01
AEVO-USD-SWAP-LIN,-3.5e-05,2025-05-04 08:00:10,2025-05-04 08:31:37
AEVO-USD-SWAP-LIN,-3.7e-05,2025-05-04 09:00:10,2025-05-04 09:26:35
AGLD-USD-SWAP-LIN,-1e-06,2025-05-04 02:00:17,2025-05-04 02:09:59
AGLD-USD-SWAP-LIN,-1e-06,2025-05-04 03:00:18,2025-05-04 03:30:57
AGLD-USD-SWAP-LIN,1e-06,2025-05-04 04:00:17,2025-05-04 04:37:54
AGLD-USD-SWAP-LIN,-1e-06,2025-05-04 05:00:18,2025-05-04 05:32:38
AGLD-USD-SWAP-LIN,-3.9e-05,2025-05-04 06:00:15,2025-05-04 06:41:25
AGLD-USD-SWAP-LIN,-4e-06,2025-05-04 07:00:16,2025-05-04 07:30:54
AGLD-USD-SWAP-LIN,0.0,2025-05-04 08:00:16,2025-05-04 08:37:33
AGLD-USD-SWAP-LIN,-1e-06,2025-05-04 09:00:16,2025-05-04 09:32:29
AI16Z-USD-SWAP-LIN,0.0001,2025-05-04 02:00:18,2025-05-04 02:11:40
AI16Z-USD-SWAP-LIN,5.3e-05,2025-05-04 03:00:19,2025-05-04 03:32:38
AI16Z-USD-SWAP-LIN,0.00012,2025-05-04 04:00:19,2025-05-04 04:39:35
AI16Z-USD-SWAP-LIN,0.000128,2025-05-04 05:00:20,2025-05-04 05:34:20
AI16Z-USD-SWAP-LIN,3.9e-05,2025-05-04 06:00:19,2025-05-04 06:43:05
AI16Z-USD-SWAP-LIN,5.7e-05,2025-05-04 07:00:17,2025-05-04 07:32:36
AI16Z-USD-SWAP-LIN,4.7e-05,2025-05-04 08:00:17,2025-05-04 08:39:15
AI16Z-USD-SWAP-LIN,1.4e-05,2025-05-04 09:00:17,2025-05-04 09:34:11
AIMEMECOIN-USD-SWAP-LIN,1e-06,2025-05-04 02:00:18,2025-05-04 02:11:10
AIMEMECOIN-USD-SWAP-LIN,2e-06,2025-05-04 03:00:19,2025-05-04 03:32:09
AIMEMECOIN-USD-SWAP-LIN,4e-06,2025-05-04 04:00:18,2025-05-04 04:39:07
AIMEMECOIN-USD-SWAP-LIN,2e-06,2025-05-04 05:00:20,2025-05-04 05:33:50
AIMEMECOIN-USD-SWAP-LIN,3e-06,2025-05-04 06:00:18,2025-05-04 06:42:37
AIMEMECOIN-USD-SWAP-LIN,1e-06,2025-05-04 07:00:17,2025-05-04 07:32:07
AIMEMECOIN-USD-SWAP-LIN,0.0,2025-05-04 08:00:17,2025-05-04 08:38:45
AIMEMECOIN-USD-SWAP-LIN,0.0,2025-05-04 09:00:17,2025-05-04 09:33:42
AIXBT-USD-SWAP-LIN,2e-06,2025-05-04 02:00:18,2025-05-04 02:11:22
AIXBT-USD-SWAP-LIN,-7.5e-05,2025-05-04 03:00:19,2025-05-04 03:32:20
AIXBT-USD-SWAP-LIN,2.1e-05,2025-05-04 04:00:19,2025-05-04 04:39:17
AIXBT-USD-SWAP-LIN,1.6e-05,2025-05-04 05:00:20,2025-05-04 05:34:02
AIXBT-USD-SWAP-LIN,0.0,2025-05-04 06:00:18,2025-05-04 06:42:47
AIXBT-USD-SWAP-LIN,8e-06,2025-05-04 07:00:17,2025-05-04 07:32:18
AIXBT-USD-SWAP-LIN,-1e-06,2025-05-04 08:00:17,2025-05-04 08:38:57
AIXBT-USD-SWAP-LIN,1e-06,2025-05-04 09:00:17,2025-05-04 09:33:54
ALCH-USD-SWAP-LIN,9e-06,2025-05-04 02:00:19,2025-05-04 02:12:05
ALCH-USD-SWAP-LIN,9e-06,2025-05-04 03:00:20,2025-05-04 03:33:04
ALCH-USD-SWAP-LIN,1.2e-05,2025-05-04 04:00:20,2025-05-04 04:40:01
ALCH-USD-SWAP-LIN,8e-06,2025-05-04 05:00:21,2025-05-04 05:34:45
ALCH-USD-SWAP-LIN,8e-06,2025-05-04 06:00:20,2025-05-04 06:43:30
ALCH-USD-SWAP-LIN,1e-05,2025-05-04 07:00:18,2025-05-04 07:33:01
ALCH-USD-SWAP-LIN,1e-05,2025-05-04 08:00:18,2025-05-04 08:39:40
ALCH-USD-SWAP-LIN,1e-05,2025-05-04 09:00:18,2025-05-04 09:34:37
ALGO-USD-SWAP-LIN,-2.2e-05,2025-05-04 02:00:19,2025-05-04 02:12:31
ALGO-USD-SWAP-LIN,-2.6e-05,2025-05-04 03:00:20,2025-05-04 03:33:28
ALGO-USD-SWAP-LIN,-2.4e-05,2025-05-04 04:00:20,2025-05-04 04:40:27
ALGO-USD-SWAP-LIN,-3e-05,2025-05-04 05:00:21,2025-05-04 05:35:10
ALGO-USD-SWAP-LIN,-3e-05,2025-05-04 06:00:20,2025-05-04 06:43:55
ALGO-USD-SWAP-LIN,-3.8e-05,2025-05-04 07:00:18,2025-05-04 07:33:28
ALGO-USD-SWAP-LIN,-3.6e-05,2025-05-04 08:00:19,2025-05-04 08:40:05
ALGO-USD-SWAP-LIN,-3.6e-05,2025-05-04 09:00:18,2025-05-04 09:35:01
ALT-USD-SWAP-LIN,-3.7e-05,2025-05-04 02:00:05,2025-05-04 02:00:14
ALT-USD-SWAP-LIN,-4.2e-05,2025-05-04 03:00:07,2025-05-04 03:21:10
ALT-USD-SWAP-LIN,-4.8e-05,2025-05-04 04:00:04,2025-05-04 04:28:08
ALT-USD-SWAP-LIN,-4.4e-05,2025-05-04 05:00:04,2025-05-04 05:22:50
ALT-USD-SWAP-LIN,-2.9e-05,2025-05-04 06:00:04,2025-05-04 06:31:37
ALT-USD-SWAP-LIN,-3e-06,2025-05-04 07:00:04,2025-05-04 07:21:08
ALT-USD-SWAP-LIN,-4.2e-05,2025-05-04 08:00:05,2025-05-04 08:27:41
ALT-USD-SWAP-LIN,-3.7e-05,2025-05-04 09:00:05,2025-05-04 09:22:40
ANIME-USD-SWAP-LIN,-2.1e-05,2025-05-04 02:00:23,2025-05-04 02:15:30
ANIME-USD-SWAP-LIN,-1.9e-05,2025-05-04 03:00:23,2025-05-04 03:36:30
ANIME-USD-SWAP-LIN,-3.6e-05,2025-05-04 04:00:24,2025-05-04 04:43:28
ANIME-USD-SWAP-LIN,-3.8e-05,2025-05-04 05:00:25,2025-05-04 05:38:11
ANIME-USD-SWAP-LIN,-8e-06,2025-05-04 06:00:24,2025-05-04 06:46:56
ANIME-USD-SWAP-LIN,-2.4e-05,2025-05-04 07:00:23,2025-05-04 07:36:27
ANIME-USD-SWAP-LIN,-3.9e-05,2025-05-04 08:00:22,2025-05-04 08:43:05
ANIME-USD-SWAP-LIN,-2e-05,2025-05-04 09:00:22,2025-05-04 09:38:03
ANSEM-USD-SWAP-LIN,-3e-06,2025-05-04 02:00:17,2025-05-04 02:10:14
ANSEM-USD-SWAP-LIN,0.0,2025-05-04 03:00:18,2025-05-04 03:31:12
ANSEM-USD-SWAP-LIN,5e-06,2025-05-04 04:00:18,2025-05-04 04:38:09
ANSEM-USD-SWAP-LIN,3e-06,2025-05-04 05:00:19,2025-05-04 05:32:53
ANSEM-USD-SWAP-LIN,-2e-06,2025-05-04 06:00:16,2025-05-04 06:41:39
ANSEM-USD-SWAP-LIN,3e-06,2025-05-04 07:00:16,2025-05-04 07:31:09
ANSEM-USD-SWAP-LIN,2e-06,2025-05-04 08:00:16,2025-05-04 08:37:47
ANSEM-USD-SWAP-LIN,0.0,2025-05-04 09:00:16,2025-05-04 09:32:44
APE-USD-SWAP-LIN,-2.7e-05,2025-05-04 02:00:11,2025-05-04 02:03:55
APE-USD-SWAP-LIN,-3.1e-05,2025-05-04 03:00:12,2025-05-04 03:24:54
APE-USD-SWAP-LIN,-3.5e-05,2025-05-04 04:00:11,2025-05-04 04:31:52
APE-USD-SWAP-LIN,-3.8e-05,2025-05-04 05:00:09,2025-05-04 05:26:33
APE-USD-SWAP-LIN,-3.2e-05,2025-05-04 06:00:09,2025-05-04 06:35:22
APE-USD-SWAP-LIN,-1.5e-05,2025-05-04 07:00:09,2025-05-04 07:24:50
APE-USD-SWAP-LIN,-3.1e-05,2025-05-04 08:00:10,2025-05-04 08:31:26
APE-USD-SWAP-LIN,-3.3e-05,2025-05-04 09:00:10,2025-05-04 09:26:24
API3-USD-SWAP-LIN,-3.8e-05,2025-05-04 02:00:06,2025-05-04 02:00:17
API3-USD-SWAP-LIN,-3.1e-05,2025-05-04 03:00:07,2025-05-04 03:21:14
API3-USD-SWAP-LIN,-4.2e-05,2025-05-04 04:00:04,2025-05-04 04:28:11
API3-USD-SWAP-LIN,-5.3e-05,2025-05-04 05:00:04,2025-05-04 05:22:54
API3-USD-SWAP-LIN,-7.7e-05,2025-05-04 06:00:04,2025-05-04 06:31:40
API3-USD-SWAP-LIN,5e-06,2025-05-04 07:00:04,2025-05-04 07:21:12
API3-USD-SWAP-LIN,-2.9e-05,2025-05-04 08:00:05,2025-05-04 08:27:45
API3-USD-SWAP-LIN,-3.9e-05,2025-05-04 09:00:05,2025-05-04 09:22:43
APT-USD-SWAP-LIN,-2.5e-05,2025-05-04 02:00:07,2025-05-04 02:01:30
APT-USD-SWAP-LIN,-1.9e-05,2025-05-04 03:00:08,2025-05-04 03:22:27
APT-USD-SWAP-LIN,-1.5e-05,2025-05-04 04:00:06,2025-05-04 04:29:23
APT-USD-SWAP-LIN,-1.9e-05,2025-05-04 05:00:05,2025-05-04 05:24:05
APT-USD-SWAP-LIN,-1.9e-05,2025-05-04 06:00:05,2025-05-04 06:32:53
APT-USD-SWAP-LIN,-2.2e-05,2025-05-04 07:00:05,2025-05-04 07:22:23
APT-USD-SWAP-LIN,-2.4e-05,2025-05-04 08:00:06,2025-05-04 08:28:57
APT-USD-SWAP-LIN,-2.5e-05,2025-05-04 09:00:06,2025-05-04 09:23:55
APU-USD-SWAP-LIN,2e-05,2025-05-04 02:00:13,2025-05-04 02:05:51
APU-USD-SWAP-LIN,2.7e-05,2025-05-04 03:00:14,2025-05-04 03:26:50
APU-USD-SWAP-LIN,2.8e-05,2025-05-04 04:00:14,2025-05-04 04:33:46
APU-USD-SWAP-LIN,2.2e-05,2025-05-04 05:00:14,2025-05-04 05:28:30
APU-USD-SWAP-LIN,7e-05,2025-05-04 06:00:11,2025-05-04 06:37:17
APU-USD-SWAP-LIN,2.6e-05,2025-05-04 07:00:11,2025-05-04 07:26:46
APU-USD-SWAP-LIN,2.3e-05,2025-05-04 08:00:12,2025-05-04 08:33:22
APU-USD-SWAP-LIN,2.2e-05,2025-05-04 09:00:12,2025-05-04 09:28:20
AR-USD-SWAP-LIN,-4.7e-05,2025-05-04 02:00:15,2025-05-04 02:08:40
AR-USD-SWAP-LIN,-5.3e-05,2025-05-04 03:00:16,2025-05-04 03:29:38
AR-USD-SWAP-LIN,-5.8e-05,2025-05-04 04:00:16,2025-05-04 04:36:36
AR-USD-SWAP-LIN,-6.3e-05,2025-05-04 05:00:17,2025-05-04 05:31:19
AR-USD-SWAP-LIN,-6.3e-05,2025-05-04 06:00:14,2025-05-04 06:40:06
AR-USD-SWAP-LIN,-5.1e-05,2025-05-04 07:00:14,2025-05-04 07:29:35
AR-USD-SWAP-LIN,-4.6e-05,2025-05-04 08:00:14,2025-05-04 08:36:12
AR-USD-SWAP-LIN,-2.7e-05,2025-05-04 09:00:14,2025-05-04 09:31:09
ARB-USD-SWAP-LIN,-2.4e-05,2025-05-04 01:00:04,2025-05-04 01:59:27
ARB-USD-SWAP-LIN,-2.4e-05,2025-05-04 03:00:06,2025-05-04 03:20:24
ARB-USD-SWAP-LIN,-2.3e-05,2025-05-04 04:00:04,2025-05-04 04:27:21
ARB-USD-SWAP-LIN,-2.8e-05,2025-05-04 05:00:03,2025-05-04 05:22:03
ARB-USD-SWAP-LIN,-2.2e-05,2025-05-04 06:00:03,2025-05-04 06:30:49
ARB-USD-SWAP-LIN,-1.3e-05,2025-05-04 07:00:03,2025-05-04 07:20:21
ARB-USD-SWAP-LIN,-2.8e-05,2025-05-04 08:00:04,2025-05-04 08:26:55
ARB-USD-SWAP-LIN,-2.7e-05,2025-05-04 09:00:04,2025-05-04 09:21:53
ARC-USD-SWAP-LIN,2e-05,2025-05-04 02:00:21,2025-05-04 02:13:42
ARC-USD-SWAP-LIN,1.9e-05,2025-05-04 03:00:21,2025-05-04 03:34:41
ARC-USD-SWAP-LIN,2.2e-05,2025-05-04 04:00:21,2025-05-04 04:41:39
ARC-USD-SWAP-LIN,2.3e-05,2025-05-04 05:00:22,2025-05-04 05:36:23
ARC-USD-SWAP-LIN,1.8e-05,2025-05-04 06:00:21,2025-05-04 06:45:07
ARC-USD-SWAP-LIN,1.7e-05,2025-05-04 07:00:19,2025-05-04 07:34:39
ARC-USD-SWAP-LIN,1.7e-05,2025-05-04 08:00:20,2025-05-04 08:41:17
ARC-USD-SWAP-LIN,2e-05,2025-05-04 09:00:19,2025-05-04 09:36:14
ARKM-USD-SWAP-LIN,-2e-06,2025-05-04 02:00:11,2025-05-04 02:04:24
ARKM-USD-SWAP-LIN,-1e-06,2025-05-04 03:00:12,2025-05-04 03:25:23
ARKM-USD-SWAP-LIN,0.0,2025-05-04 04:00:12,2025-05-04 04:32:20
ARKM-USD-SWAP-LIN,0.0,2025-05-04 05:00:09,2025-05-04 05:27:02
ARKM-USD-SWAP-LIN,-2e-06,2025-05-04 06:00:09,2025-05-04 06:35:50
ARKM-USD-SWAP-LIN,1e-06,2025-05-04 07:00:10,2025-05-04 07:25:19
ARKM-USD-SWAP-LIN,-1e-06,2025-05-04 08:00:10,2025-05-04 08:31:55
ARKM-USD-SWAP-LIN,-5e-06,2025-05-04 09:00:10,2025-05-04 09:26:52
ASTRO-USD-SWAP-LIN,1e-05,2025-05-04 02:00:18,2025-05-04 02:11:44
ASTRO-USD-SWAP-LIN,1.3e-05,2025-05-04 03:00:19,2025-05-04 03:32:42
ASTRO-USD-SWAP-LIN,9e-06,2025-05-04 04:00:19,2025-05-04 04:39:39
ASTRO-USD-SWAP-LIN,1.2e-05,2025-05-04 05:00:20,2025-05-04 05:34:24
ASTRO-USD-SWAP-LIN,1.2e-05,2025-05-04 06:00:19,2025-05-04 06:43:08
ASTRO-USD-SWAP-LIN,1e-05,2025-05-04 07:00:17,2025-05-04 07:32:40
ASTRO-USD-SWAP-LIN,1.1e-05,2025-05-04 08:00:18,2025-05-04 08:39:18
ASTRO-USD-SWAP-LIN,9e-06,2025-05-04 09:00:17,2025-05-04 09:34:16
ATOM-USD-SWAP-LIN,-4e-05,2025-05-04 02:00:07,2025-05-04 02:01:33
ATOM-USD-SWAP-LIN,-3.9e-05,2025-05-04 03:00:08,2025-05-04 03:22:31
ATOM-USD-SWAP-LIN,-3e-05,2025-05-04 04:00:06,2025-05-04 04:29:27
ATOM-USD-SWAP-LIN,-3e-05,2025-05-04 05:00:05,2025-05-04 05:24:09
ATOM-USD-SWAP-LIN,-3.1e-05,2025-05-04 06:00:05,2025-05-04 06:32:57
ATOM-USD-SWAP-LIN,-1e-05,2025-05-04 07:00:05,2025-05-04 07:22:27
ATOM-USD-SWAP-LIN,-2.2e-05,2025-05-04 08:00:06,2025-05-04 08:29:01
ATOM-USD-SWAP-LIN,-2.8e-05,2025-05-04 09:00:06,2025-05-04 09:23:59
AVA-USD-SWAP-LIN,-1.2e-05,2025-05-04 02:00:18,2025-05-04 02:11:03
AVA-USD-SWAP-LIN,-1.2e-05,2025-05-04 03:00:18,2025-05-04 03:32:02
AVA-USD-SWAP-LIN,-6e-06,2025-05-04 04:00:18,2025-05-04 04:39:00
AVA-USD-SWAP-LIN,-1.3e-05,2025-05-04 05:00:19,2025-05-04 05:33:43
AVA-USD-SWAP-LIN,-1e-05,2025-05-04 06:00:18,2025-05-04 06:42:29
AVA-USD-SWAP-LIN,-1.4e-05,2025-05-04 07:00:16,2025-05-04 07:31:59
AVA-USD-SWAP-LIN,-1.2e-05,2025-05-04 08:00:17,2025-05-04 08:38:38
AVA-USD-SWAP-LIN,-9e-06,2025-05-04 09:00:17,2025-05-04 09:33:35
AVAX-USD-SWAP-LIN,-1.3e-05,2025-05-04 01:00:04,2025-05-04 01:59:17
AVAX-USD-SWAP-LIN,-2.6e-05,2025-05-04 03:00:06,2025-05-04 03:20:13
AVAX-USD-SWAP-LIN,-3e-05,2025-05-04 04:00:03,2025-05-04 04:27:10
AVAX-USD-SWAP-LIN,-2.4e-05,2025-05-04 05:00:03,2025-05-04 05:21:52
AVAX-USD-SWAP-LIN,-2e-05,2025-05-04 06:00:03,2025-05-04 06:30:38
AVAX-USD-SWAP-LIN,-1.9e-05,2025-05-04 07:00:03,2025-05-04 07:20:10
AVAX-USD-SWAP-LIN,-2.2e-05,2025-05-04 08:00:03,2025-05-04 08:26:44
AVAX-USD-SWAP-LIN,-2.5e-05,2025-05-04 09:00:04,2025-05-04 09:21:42
AXL-USD-SWAP-LIN,-7.5e-05,2025-05-04 02:00:11,2025-05-04 02:03:41
AXL-USD-SWAP-LIN,-9.3e-05,2025-05-04 03:00:12,2025-05-04 03:24:40
AXL-USD-SWAP-LIN,-7.6e-05,2025-05-04 04:00:11,2025-05-04 04:31:37
AXL-USD-SWAP-LIN,-6.8e-05,2025-05-04 05:00:09,2025-05-04 05:26:18
AXL-USD-SWAP-LIN,-6.7e-05,2025-05-04 06:00:09,2025-05-04 06:35:07
AXL-USD-SWAP-LIN,-7.3e-05,2025-05-04 07:00:09,2025-05-04 07:24:35
AXL-USD-SWAP-LIN,-6.9e-05,2025-05-04 08:00:09,2025-05-04 08:31:11
AXL-USD-SWAP-LIN,-8.3e-05,2025-05-04 09:00:10,2025-05-04 09:26:10
B3-USD-SWAP-LIN,-4.2e-05,2025-05-04 02:00:24,2025-05-04 02:16:21
B3-USD-SWAP-LIN,-5.3e-05,2025-05-04 03:00:24,2025-05-04 03:37:22
B3-USD-SWAP-LIN,-5e-05,2025-05-04 04:00:24,2025-05-04 04:44:18
B3-USD-SWAP-LIN,-5.2e-05,2025-05-04 05:00:25,2025-05-04 05:39:02
B3-USD-SWAP-LIN,-5.9e-05,2025-05-04 06:00:25,2025-05-04 06:47:45
B3-USD-SWAP-LIN,-6.2e-05,2025-05-04 07:00:24,2025-05-04 07:37:18
B3-USD-SWAP-LIN,-6.5e-05,2025-05-04 08:00:23,2025-05-04 08:43:56
B3-USD-SWAP-LIN,-6.5e-05,2025-05-04 09:00:22,2025-05-04 09:38:53
BABY-USD-SWAP-LIN,-3.5e-05,2025-05-04 02:00:26,2025-05-04 02:17:56
BABY-USD-SWAP-LIN,-3.8e-05,2025-05-04 03:00:26,2025-05-04 03:38:56
BABY-USD-SWAP-LIN,-2.9e-05,2025-05-04 04:00:27,2025-05-04 04:45:51
BABY-USD-SWAP-LIN,-4e-05,2025-05-04 05:00:28,2025-05-04 05:40:36
BABY-USD-SWAP-LIN,-4.6e-05,2025-05-04 06:00:27,2025-05-04 06:49:19
BABY-USD-SWAP-LIN,-4.1e-05,2025-05-04 07:00:27,2025-05-04 07:38:52
BABY-USD-SWAP-LIN,-4.2e-05,2025-05-04 08:00:26,2025-05-04 08:45:31
BABY-USD-SWAP-LIN,-5.7e-05,2025-05-04 09:00:24,2025-05-04 09:40:27
BAN-USD-SWAP-LIN,3e-06,2025-05-04 02:00:17,2025-05-04 02:09:38
BAN-USD-SWAP-LIN,5e-06,2025-05-04 03:00:17,2025-05-04 03:30:35
BAN-USD-SWAP-LIN,5e-06,2025-05-04 04:00:17,2025-05-04 04:37:33
BAN-USD-SWAP-LIN,3e-06,2025-05-04 05:00:18,2025-05-04 05:32:17
BAN-USD-SWAP-LIN,5e-06,2025-05-04 06:00:15,2025-05-04 06:41:03
BAN-USD-SWAP-LIN,1e-06,2025-05-04 07:00:15,2025-05-04 07:30:33
BAN-USD-SWAP-LIN,2e-06,2025-05-04 08:00:16,2025-05-04 08:37:11
BAN-USD-SWAP-LIN,4e-06,2025-05-04 09:00:15,2025-05-04 09:32:08
BANANA-USD-SWAP-LIN,-4.2e-05,2025-05-04 02:00:14,2025-05-04 02:06:20
BANANA-USD-SWAP-LIN,-3.7e-05,2025-05-04 03:00:14,2025-05-04 03:27:18
BANANA-USD-SWAP-LIN,-5.2e-05,2025-05-04 04:00:14,2025-05-04 04:34:15
BANANA-USD-SWAP-LIN,-5.8e-05,2025-05-04 05:00:15,2025-05-04 05:28:58
BANANA-USD-SWAP-LIN,-5.4e-05,2025-05-04 06:00:12,2025-05-04 06:37:46
BANANA-USD-SWAP-LIN,-2.5e-05,2025-05-04 07:00:12,2025-05-04 07:27:15
BANANA-USD-SWAP-LIN,-4.7e-05,2025-05-04 08:00:13,2025-05-04 08:33:51
BANANA-USD-SWAP-LIN,-5.3e-05,2025-05-04 09:00:12,2025-05-04 09:28:49
BANANABSC-USD-SWAP-LIN,-9e-06,2025-05-04 02:00:19,2025-05-04 02:11:58
BANANABSC-USD-SWAP-LIN,-2e-06,2025-05-04 03:00:20,2025-05-04 03:32:56
BANANABSC-USD-SWAP-LIN,-5e-06,2025-05-04 04:00:20,2025-05-04 04:39:53
BANANABSC-USD-SWAP-LIN,-1e-06,2025-05-04 05:00:21,2025-05-04 05:34:38
BANANABSC-USD-SWAP-LIN,0.0,2025-05-04 06:00:20,2025-05-04 06:43:23
BANANABSC-USD-SWAP-LIN,-6e-06,2025-05-04 07:00:18,2025-05-04 07:32:54
BANANABSC-USD-SWAP-LIN,8e-06,2025-05-04 08:00:18,2025-05-04 08:39:33
BANANABSC-USD-SWAP-LIN,3e-06,2025-05-04 09:00:18,2025-05-04 09:34:30
BASEISFOREVERYONE-USD-SWAP-LIN,1e-06,2025-05-04 02:00:26,2025-05-04 02:18:02
BASEISFOREVERYONE-USD-SWAP-LIN,3e-06,2025-05-04 03:00:26,2025-05-04 03:39:04
BASEISFOREVERYONE-USD-SWAP-LIN,4e-06,2025-05-04 04:00:27,2025-05-04 04:45:59
BASEISFOREVERYONE-USD-SWAP-LIN,3e-06,2025-05-04 05:00:28,2025-05-04 05:40:44
BASEISFOREVERYONE-USD-SWAP-LIN,3e-06,2025-05-04 06:00:27,2025-05-04 06:49:26
BASEISFOREVERYONE-USD-SWAP-LIN,1.4e-05,2025-05-04 07:00:27,2025-05-04 07:39:01
BASEISFOREVERYONE-USD-SWAP-LIN,-2.5e-05,2025-05-04 08:00:26,2025-05-04 08:45:38
BASEISFOREVERYONE-USD-SWAP-LIN,-5.6e-05,2025-05-04 09:00:24,2025-05-04 09:40:34
BCH-USD-SWAP-LIN,-5.5e-05,2025-05-04 02:00:09,2025-05-04 02:02:31
BCH-USD-SWAP-LIN,-3.8e-05,2025-05-04 03:00:10,2025-05-04 03:23:28
BCH-USD-SWAP-LIN,-5.1e-05,2025-05-04 04:00:10,2025-05-04 04:30:24
BCH-USD-SWAP-LIN,-4.8e-05,2025-05-04 05:00:07,2025-05-04 05:25:07
BCH-USD-SWAP-LIN,-4.9e-05,2025-05-04 06:00:07,2025-05-04 06:33:54
BCH-USD-SWAP-LIN,-5.2e-05,2025-05-04 07:00:08,2025-05-04 07:23:24
BCH-USD-SWAP-LIN,-5.6e-05,2025-05-04 08:00:08,2025-05-04 08:29:59
BCH-USD-SWAP-LIN,-5.5e-05,2025-05-04 09:00:08,2025-05-04 09:24:56
BEAM-USD-SWAP-LIN,1e-06,2025-05-04 02:00:11,2025-05-04 02:03:20
BEAM-USD-SWAP-LIN,0.0,2025-05-04 03:00:11,2025-05-04 03:24:17
BEAM-USD-SWAP-LIN,1e-06,2025-05-04 04:00:11,2025-05-04 04:31:15
BEAM-USD-SWAP-LIN,0.0,2025-05-04 05:00:09,2025-05-04 05:25:56
BEAM-USD-SWAP-LIN,-8.1e-05,2025-05-04 06:00:08,2025-05-04 06:34:45
BEAM-USD-SWAP-LIN,-3.6e-05,2025-05-04 07:00:09,2025-05-04 07:24:14
BEAM-USD-SWAP-LIN,1e-06,2025-05-04 08:00:09,2025-05-04 08:30:50
BEAM-USD-SWAP-LIN,-2e-06,2025-05-04 09:00:09,2025-05-04 09:25:47
BERA-USD-SWAP-LIN,-1e-06,2025-05-04 02:00:24,2025-05-04 02:16:07
BERA-USD-SWAP-LIN,0.0,2025-05-04 03:00:24,2025-05-04 03:37:07
BERA-USD-SWAP-LIN,1e-06,2025-05-04 04:00:24,2025-05-04 04:44:04
BERA-USD-SWAP-LIN,0.0,2025-05-04 05:00:25,2025-05-04 05:38:48
BERA-USD-SWAP-LIN,1e-05,2025-05-04 06:00:25,2025-05-04 06:47:31
BERA-USD-SWAP-LIN,3e-06,2025-05-04 07:00:24,2025-05-04 07:37:04
BERA-USD-SWAP-LIN,1e-06,2025-05-04 08:00:23,2025-05-04 08:43:42
BERA-USD-SWAP-LIN,0.0,2025-05-04 09:00:22,2025-05-04 09:38:39
BIFI-USD-SWAP-LIN,-8e-06,2025-05-04 02:00:20,2025-05-04 02:13:28
BIFI-USD-SWAP-LIN,-5e-06,2025-05-04 03:00:21,2025-05-04 03:34:26
BIFI-USD-SWAP-LIN,9e-06,2025-05-04 04:00:21,2025-05-04 04:41:24
BIFI-USD-SWAP-LIN,-6e-06,2025-05-04 05:00:22,2025-05-04 05:36:08
BIFI-USD-SWAP-LIN,4.5e-05,2025-05-04 06:00:21,2025-05-04 06:44:52
BIFI-USD-SWAP-LIN,4e-06,2025-05-04 07:00:19,2025-05-04 07:34:25
BIFI-USD-SWAP-LIN,8e-06,2025-05-04 08:00:20,2025-05-04 08:41:02
BIFI-USD-SWAP-LIN,6e-06,2025-05-04 09:00:19,2025-05-04 09:36:00
BIGTIME-USD-SWAP-LIN,2e-06,2025-05-04 02:00:06,2025-05-04 02:00:35
BIGTIME-USD-SWAP-LIN,0.0,2025-05-04 03:00:07,2025-05-04 03:21:32
BIGTIME-USD-SWAP-LIN,3e-06,2025-05-04 04:00:05,2025-05-04 04:28:29
BIGTIME-USD-SWAP-LIN,2e-06,2025-05-04 05:00:04,2025-05-04 05:23:12
BIGTIME-USD-SWAP-LIN,1e-06,2025-05-04 06:00:04,2025-05-04 06:31:59
BIGTIME-USD-SWAP-LIN,2e-06,2025-05-04 07:00:04,2025-05-04 07:21:30
BIGTIME-USD-SWAP-LIN,3e-06,2025-05-04 08:00:05,2025-05-04 08:28:03
BIGTIME-USD-SWAP-LIN,2e-06,2025-05-04 09:00:05,2025-05-04 09:23:01
BIO-USD-SWAP-LIN,-6.9e-05,2025-05-04 02:00:22,2025-05-04 02:14:37
BIO-USD-SWAP-LIN,-9.7e-05,2025-05-04 03:00:22,2025-05-04 03:35:35
BIO-USD-SWAP-LIN,-6.1e-05,2025-05-04 04:00:23,2025-05-04 04:42:33
BIO-USD-SWAP-LIN,-5.1e-05,2025-05-04 05:00:23,2025-05-04 05:37:18
BIO-USD-SWAP-LIN,-5.9e-05,2025-05-04 06:00:23,2025-05-04 06:46:01
BIO-USD-SWAP-LIN,-0.000103,2025-05-04 07:00:20,2025-05-04 07:35:33
BIO-USD-SWAP-LIN,-8.8e-05,2025-05-04 08:00:21,2025-05-04 08:42:11
BIO-USD-SWAP-LIN,-3.7e-05,2025-05-04 09:00:21,2025-05-04 09:37:09
BITCOIN-USD-SWAP-LIN,3e-06,2025-05-04 02:00:08,2025-05-04 02:02:06
BITCOIN-USD-SWAP-LIN,2e-06,2025-05-04 03:00:09,2025-05-04 03:23:03
BITCOIN-USD-SWAP-LIN,3e-06,2025-05-04 04:00:09,2025-05-04 04:29:59
BITCOIN-USD-SWAP-LIN,3e-06,2025-05-04 05:00:07,2025-05-04 05:24:41
BITCOIN-USD-SWAP-LIN,2e-06,2025-05-04 06:00:06,2025-05-04 06:33:29
BITCOIN-USD-SWAP-LIN,5e-06,2025-05-04 07:00:07,2025-05-04 07:22:59
BITCOIN-USD-SWAP-LIN,4e-06,2025-05-04 08:00:07,2025-05-04 08:29:34
BITCOIN-USD-SWAP-LIN,4e-06,2025-05-04 09:00:07,2025-05-04 09:24:31
BLAST-USD-SWAP-LIN,3e-06,2025-05-04 02:00:13,2025-05-04 02:05:33
BLAST-USD-SWAP-LIN,1e-06,2025-05-04 03:00:13,2025-05-04 03:26:31
BLAST-USD-SWAP-LIN,4e-06,2025-05-04 04:00:13,2025-05-04 04:33:28
BLAST-USD-SWAP-LIN,-3e-06,2025-05-04 05:00:13,2025-05-04 05:28:12
BLAST-USD-SWAP-LIN,-2.5e-05,2025-05-04 06:00:11,2025-05-04 06:36:59
BLAST-USD-SWAP-LIN,0.0,2025-05-04 07:00:11,2025-05-04 07:26:28
BLAST-USD-SWAP-LIN,-1e-06,2025-05-04 08:00:12,2025-05-04 08:33:04
BLAST-USD-SWAP-LIN,4e-06,2025-05-04 09:00:11,2025-05-04 09:28:02
BLUR-USD-SWAP-LIN,-2.5e-05,2025-05-04 02:00:06,2025-05-04 02:00:32
BLUR-USD-SWAP-LIN,-4.5e-05,2025-05-04 03:00:07,2025-05-04 03:21:28
BLUR-USD-SWAP-LIN,-4e-05,2025-05-04 04:00:05,2025-05-04 04:28:25
BLUR-USD-SWAP-LIN,-2.9e-05,2025-05-04 05:00:04,2025-05-04 05:23:08
BLUR-USD-SWAP-LIN,-3.2e-05,2025-05-04 06:00:04,2025-05-04 06:31:55
BLUR-USD-SWAP-LIN,-3.4e-05,2025-05-04 07:00:04,2025-05-04 07:21:26
BLUR-USD-SWAP-LIN,-1.7e-05,2025-05-04 08:00:05,2025-05-04 08:27:59
BLUR-USD-SWAP-LIN,-2.2e-05,2025-05-04 09:00:05,2025-05-04 09:22:58
BMT-USD-SWAP-LIN,-1.2e-05,2025-05-04 02:00:25,2025-05-04 02:17:05
BMT-USD-SWAP-LIN,-1.2e-05,2025-05-04 03:00:25,2025-05-04 03:38:05
BMT-USD-SWAP-LIN,-9e-06,2025-05-04 04:00:25,2025-05-04 04:45:01
BMT-USD-SWAP-LIN,-1e-05,2025-05-04 05:00:26,2025-05-04 05:39:46
BMT-USD-SWAP-LIN,-7e-06,2025-05-04 06:00:26,2025-05-04 06:48:29
BMT-USD-SWAP-LIN,6e-06,2025-05-04 07:00:25,2025-05-04 07:38:02
BMT-USD-SWAP-LIN,-1e-05,2025-05-04 08:00:24,2025-05-04 08:44:40
BMT-USD-SWAP-LIN,-1.3e-05,2025-05-04 09:00:23,2025-05-04 09:39:36
BNB-USD-SWAP-LIN,-2e-05,2025-05-04 01:00:02,2025-05-04 01:59:02
BNB-USD-SWAP-LIN,-2.2e-05,2025-05-04 03:00:04,2025-05-04 03:19:59
BNB-USD-SWAP-LIN,-2.8e-05,2025-05-04 04:00:02,2025-05-04 04:26:55
BNB-USD-SWAP-LIN,-1.5e-05,2025-05-04 05:00:01,2025-05-04 05:21:38
BNB-USD-SWAP-LIN,-2e-05,2025-05-04 06:00:01,2025-05-04 06:30:24
BNB-USD-SWAP-LIN,-1.7e-05,2025-05-04 07:00:01,2025-05-04 07:19:55
BNB-USD-SWAP-LIN,-3e-05,2025-05-04 08:00:02,2025-05-04 08:26:30
BNB-USD-SWAP-LIN,-3.1e-05,2025-05-04 09:00:02,2025-05-04 09:21:27
BNKR-USD-SWAP-LIN,1.9e-05,2025-05-04 02:00:26,2025-05-04 02:17:34
BNKR-USD-SWAP-LIN,1.1e-05,2025-05-04 03:00:25,2025-05-04 03:38:34
BNKR-USD-SWAP-LIN,1.6e-05,2025-05-04 04:00:26,2025-05-04 04:45:30
BNKR-USD-SWAP-LIN,1.4e-05,2025-05-04 05:00:27,2025-05-04 05:40:15
BNKR-USD-SWAP-LIN,1.5e-05,2025-05-04 06:00:27,2025-05-04 06:48:57
BNKR-USD-SWAP-LIN,1.7e-05,2025-05-04 07:00:26,2025-05-04 07:38:31
BNKR-USD-SWAP-LIN,2e-05,2025-05-04 08:00:25,2025-05-04 08:45:09
BNKR-USD-SWAP-LIN,1.3e-05,2025-05-04 09:00:24,2025-05-04 09:40:05
BOME-USD-SWAP-LIN,-4e-06,2025-05-04 02:00:10,2025-05-04 02:02:48
BOME-USD-SWAP-LIN,-1.6e-05,2025-05-04 03:00:11,2025-05-04 03:23:45
BOME-USD-SWAP-LIN,-2.4e-05,2025-05-04 04:00:10,2025-05-04 04:30:43
BOME-USD-SWAP-LIN,-2.8e-05,2025-05-04 05:00:08,2025-05-04 05:25:24
BOME-USD-SWAP-LIN,1e-05,2025-05-04 06:00:08,2025-05-04 06:34:13
BOME-USD-SWAP-LIN,-6e-06,2025-05-04 07:00:08,2025-05-04 07:23:41
BOME-USD-SWAP-LIN,-2.1e-05,2025-05-04 08:00:08,2025-05-04 08:30:17
BOME-USD-SWAP-LIN,-1.9e-05,2025-05-04 09:00:08,2025-05-04 09:25:15
BOOP-USD-SWAP-LIN,-0.000245,2025-05-04 02:00:28,2025-05-04 02:18:38
BOOP-USD-SWAP-LIN,-0.000256,2025-05-04 03:00:28,2025-05-04 03:39:40
BOOP-USD-SWAP-LIN,-0.000275,2025-05-04 04:00:28,2025-05-04 04:46:35
BOOP-USD-SWAP-LIN,-0.000214,2025-05-04 05:00:30,2025-05-04 05:41:21
BOOP-USD-SWAP-LIN,-0.00024,2025-05-04 06:00:29,2025-05-04 06:50:02
BOOP-USD-SWAP-LIN,-0.000265,2025-05-04 07:00:29,2025-05-04 07:39:37
BOOP-USD-SWAP-LIN,-0.000277,2025-05-04 08:00:29,2025-05-04 08:46:14
BOOP-USD-SWAP-LIN,-0.000272,2025-05-04 09:00:26,2025-05-04 09:41:10
BRETT-USD-SWAP-LIN,3.5e-05,2025-05-04 02:00:10,2025-05-04 02:03:02
BRETT-USD-SWAP-LIN,3.3e-05,2025-05-04 03:00:11,2025-05-04 03:23:59
BRETT-USD-SWAP-LIN,3.4e-05,2025-05-04 04:00:10,2025-05-04 04:30:57
BRETT-USD-SWAP-LIN,3.6e-05,2025-05-04 05:00:08,2025-05-04 05:25:38
BRETT-USD-SWAP-LIN,1.1e-05,2025-05-04 06:00:08,2025-05-04 06:34:27
BRETT-USD-SWAP-LIN,3.4e-05,2025-05-04 07:00:09,2025-05-04 07:23:56
BRETT-USD-SWAP-LIN,3.4e-05,2025-05-04 08:00:09,2025-05-04 08:30:31
BRETT-USD-SWAP-LIN,3.4e-05,2025-05-04 09:00:09,2025-05-04 09:25:29
BROCCOLI1-USD-SWAP-LIN,2e-06,2025-05-04 02:00:24,2025-05-04 02:16:32
BROCCOLI1-USD-SWAP-LIN,1.8e-05,2025-05-04 03:00:24,2025-05-04 03:37:32
BROCCOLI1-USD-SWAP-LIN,1.8e-05,2025-05-04 04:00:25,2025-05-04 04:44:29
BROCCOLI1-USD-SWAP-LIN,3e-05,2025-05-04 05:00:26,2025-05-04 05:39:14
BROCCOLI1-USD-SWAP-LIN,1.6e-05,2025-05-04 06:00:25,2025-05-04 06:47:56
BROCCOLI1-USD-SWAP-LIN,-1.6e-05,2025-05-04 07:00:25,2025-05-04 07:37:29
BROCCOLI1-USD-SWAP-LIN,-9e-06,2025-05-04 08:00:23,2025-05-04 08:44:07
BROCCOLI1-USD-SWAP-LIN,-1.2e-05,2025-05-04 09:00:22,2025-05-04 09:39:04
BROCCOLI3-USD-SWAP-LIN,4e-06,2025-05-04 02:00:24,2025-05-04 02:16:35
BROCCOLI3-USD-SWAP-LIN,1.1e-05,2025-05-04 03:00:24,2025-05-04 03:37:36
BROCCOLI3-USD-SWAP-LIN,8e-06,2025-05-04 04:00:25,2025-05-04 04:44:32
BROCCOLI3-USD-SWAP-LIN,2.2e-05,2025-05-04 05:00:26,2025-05-04 05:39:17
BROCCOLI3-USD-SWAP-LIN,1.1e-05,2025-05-04 06:00:25,2025-05-04 06:48:00
BROCCOLI3-USD-SWAP-LIN,1.1e-05,2025-05-04 07:00:25,2025-05-04 07:37:32
BROCCOLI3-USD-SWAP-LIN,5e-06,2025-05-04 08:00:24,2025-05-04 08:44:11
BROCCOLI3-USD-SWAP-LIN,5e-06,2025-05-04 09:00:23,2025-05-04 09:39:08
BTC-USD-SWAP-LIN,-1.2e-05,2025-05-04 01:00:01,2025-05-04 01:58:55
BTC-USD-SWAP-LIN,-2e-06,2025-05-04 03:00:03,2025-05-04 03:19:52
BTC-USD-SWAP-LIN,-1e-05,2025-05-04 04:00:00,2025-05-04 04:26:49
BTC-USD-SWAP-LIN,-7e-06,2025-05-04 05:00:00,2025-05-04 05:21:31
BTC-USD-SWAP-LIN,-1e-05,2025-05-04 06:00:00,2025-05-04 06:30:17
BTC-USD-SWAP-LIN,-3e-06,2025-05-04 07:00:00,2025-05-04 07:19:49
BTC-USD-SWAP-LIN,-1e-06,2025-05-04 08:00:00,2025-05-04 08:26:23
BTC-USD-SWAP-LIN,-1.3e-05,2025-05-04 09:00:01,2025-05-04 09:21:20
BUTTCOIN-USD-SWAP-LIN,0.000326,2025-05-04 02:00:26,2025-05-04 02:17:48
BUTTCOIN-USD-SWAP-LIN,0.000356,2025-05-04 03:00:26,2025-05-04 03:38:49
BUTTCOIN-USD-SWAP-LIN,0.000361,2025-05-04 04:00:27,2025-05-04 04:45:44
BUTTCOIN-USD-SWAP-LIN,0.000372,2025-05-04 05:00:27,2025-05-04 05:40:29
BUTTCOIN-USD-SWAP-LIN,0.000348,2025-05-04 06:00:27,2025-05-04 06:49:12
BUTTCOIN-USD-SWAP-LIN,0.000368,2025-05-04 07:00:27,2025-05-04 07:38:45
BUTTCOIN-USD-SWAP-LIN,0.000146,2025-05-04 08:00:25,2025-05-04 08:45:23
BUTTCOIN-USD-SWAP-LIN,1e-06,2025-05-04 09:00:24,2025-05-04 09:40:20
CAKE-USD-SWAP-LIN,-3.1e-05,2025-05-04 02:00:11,2025-05-04 02:03:45
CAKE-USD-SWAP-LIN,-3e-05,2025-05-04 03:00:12,2025-05-04 03:24:43
CAKE-USD-SWAP-LIN,-3e-05,2025-05-04 04:00:11,2025-05-04 04:31:41
CAKE-USD-SWAP-LIN,-3.3e-05,2025-05-04 05:00:09,2025-05-04 05:26:22
CAKE-USD-SWAP-LIN,-1.9e-05,2025-05-04 06:00:09,2025-05-04 06:35:11
CAKE-USD-SWAP-LIN,-2.6e-05,2025-05-04 07:00:09,2025-05-04 07:24:39
CAKE-USD-SWAP-LIN,-2.5e-05,2025-05-04 08:00:09,2025-05-04 08:31:15
CAKE-USD-SWAP-LIN,-3.2e-05,2025-05-04 09:00:10,2025-05-04 09:26:13
CAR-USD-SWAP-LIN,-4.6e-05,2025-05-04 02:00:28,2025-05-04 02:18:45
CAR-USD-SWAP-LIN,-3.8e-05,2025-05-04 03:00:28,2025-05-04 03:39:47
CAR-USD-SWAP-LIN,-4e-05,2025-05-04 04:00:29,2025-05-04 04:46:42
CAR-USD-SWAP-LIN,-5.5e-05,2025-05-04 05:00:30,2025-05-04 05:41:28
CAR-USD-SWAP-LIN,-5.3e-05,2025-05-04 06:00:29,2025-05-04 06:50:09
CAR-USD-SWAP-LIN,3e-05,2025-05-04 07:00:29,2025-05-04 07:39:44
CAR-USD-SWAP-LIN,-3.1e-05,2025-05-04 08:00:30,2025-05-04 08:46:25
CAR-USD-SWAP-LIN,-5.5e-05,2025-05-04 09:00:26,2025-05-04 09:41:21
CETUS-USD-SWAP-LIN,0.0,2025-05-04 02:00:17,2025-05-04 02:10:34
CETUS-USD-SWAP-LIN,1e-06,2025-05-04 03:00:18,2025-05-04 03:31:33
CETUS-USD-SWAP-LIN,2e-06,2025-05-04 04:00:18,2025-05-04 04:38:31
CETUS-USD-SWAP-LIN,1e-06,2025-05-04 05:00:19,2025-05-04 05:33:14
CETUS-USD-SWAP-LIN,9e-06,2025-05-04 06:00:16,2025-05-04 06:42:01
CETUS-USD-SWAP-LIN,1e-06,2025-05-04 07:00:16,2025-05-04 07:31:31
CETUS-USD-SWAP-LIN,1e-06,2025-05-04 08:00:16,2025-05-04 08:38:10
CETUS-USD-SWAP-LIN,2e-06,2025-05-04 09:00:16,2025-05-04 09:33:07
CFX-USD-SWAP-LIN,-3.1e-05,2025-05-04 02:00:15,2025-05-04 02:08:50
CFX-USD-SWAP-LIN,-2.7e-05,2025-05-04 03:00:16,2025-05-04 03:29:49
CFX-USD-SWAP-LIN,-1.8e-05,2025-05-04 04:00:16,2025-05-04 04:36:47
CFX-USD-SWAP-LIN,-3.4e-05,2025-05-04 05:00:17,2025-05-04 05:31:29
CFX-USD-SWAP-LIN,-3.7e-05,2025-05-04 06:00:14,2025-05-04 06:40:17
CFX-USD-SWAP-LIN,-3.8e-05,2025-05-04 07:00:14,2025-05-04 07:29:46
CFX-USD-SWAP-LIN,-3.3e-05,2025-05-04 08:00:14,2025-05-04 08:36:23
CFX-USD-SWAP-LIN,-4.1e-05,2025-05-04 09:00:14,2025-05-04 09:31:20
CHEX-USD-SWAP-LIN,-2.2e-05,2025-05-04 02:00:22,2025-05-04 02:14:22
CHEX-USD-SWAP-LIN,-2.3e-05,2025-05-04 03:00:22,2025-05-04 03:35:21
CHEX-USD-SWAP-LIN,-2.5e-05,2025-05-04 04:00:22,2025-05-04 04:42:18
CHEX-USD-SWAP-LIN,-2.4e-05,2025-05-04 05:00:23,2025-05-04 05:37:03
CHEX-USD-SWAP-LIN,-2.6e-05,2025-05-04 06:00:23,2025-05-04 06:45:47
CHEX-USD-SWAP-LIN,-2.2e-05,2025-05-04 07:00:20,2025-05-04 07:35:18
CHEX-USD-SWAP-LIN,-2.5e-05,2025-05-04 08:00:21,2025-05-04 08:41:57
CHEX-USD-SWAP-LIN,-2.4e-05,2025-05-04 09:00:20,2025-05-04 09:36:54
CHILLGUY-USD-SWAP-LIN,3.5e-05,2025-05-04 02:00:18,2025-05-04 02:11:26
CHILLGUY-USD-SWAP-LIN,3.8e-05,2025-05-04 03:00:19,2025-05-04 03:32:24
CHILLGUY-USD-SWAP-LIN,3.7e-05,2025-05-04 04:00:19,2025-05-04 04:39:21
CHILLGUY-USD-SWAP-LIN,4.2e-05,2025-05-04 05:00:20,2025-05-04 05:34:05
CHILLGUY-USD-SWAP-LIN,4.1e-05,2025-05-04 06:00:18,2025-05-04 06:42:50
CHILLGUY-USD-SWAP-LIN,3.9e-05,2025-05-04 07:00:17,2025-05-04 07:32:22
CHILLGUY-USD-SWAP-LIN,4.3e-05,2025-05-04 08:00:17,2025-05-04 08:39:00
CHILLGUY-USD-SWAP-LIN,4.1e-05,2025-05-04 09:00:17,2025-05-04 09:33:57
CKB-USD-SWAP-LIN,-4.8e-05,2025-05-04 02:00:15,2025-05-04 02:07:49
CKB-USD-SWAP-LIN,-2.5e-05,2025-05-04 03:00:16,2025-05-04 03:28:48
CKB-USD-SWAP-LIN,-2.9e-05,2025-05-04 04:00:15,2025-05-04 04:35:45
CKB-USD-SWAP-LIN,-3e-05,2025-05-04 05:00:16,2025-05-04 05:30:28
CKB-USD-SWAP-LIN,-2.3e-05,2025-05-04 06:00:13,2025-05-04 06:39:16
CKB-USD-SWAP-LIN,-1.4e-05,2025-05-04 07:00:13,2025-05-04 07:28:44
CKB-USD-SWAP-LIN,-2.8e-05,2025-05-04 08:00:14,2025-05-04 08:35:21
CKB-USD-SWAP-LIN,-4.2e-05,2025-05-04 09:00:14,2025-05-04 09:30:18
CLANKER-USD-SWAP-LIN,5e-06,2025-05-04 02:00:18,2025-05-04 02:11:33
CLANKER-USD-SWAP-LIN,0.0,2025-05-04 03:00:19,2025-05-04 03:32:31
CLANKER-USD-SWAP-LIN,-1e-06,2025-05-04 04:00:19,2025-05-04 04:39:28
CLANKER-USD-SWAP-LIN,-6e-06,2025-05-04 05:00:20,2025-05-04 05:34:12
CLANKER-USD-SWAP-LIN,-7e-06,2025-05-04 06:00:19,2025-05-04 06:42:58
CLANKER-USD-SWAP-LIN,-3e-06,2025-05-04 07:00:17,2025-05-04 07:32:29
CLANKER-USD-SWAP-LIN,3e-06,2025-05-04 08:00:17,2025-05-04 08:39:07
CLANKER-USD-SWAP-LIN,3e-06,2025-05-04 09:00:17,2025-05-04 09:34:04
COCORO-USD-SWAP-LIN,2e-06,2025-05-04 02:00:25,2025-05-04 02:16:53
COCORO-USD-SWAP-LIN,1e-05,2025-05-04 03:00:25,2025-05-04 03:37:54
COCORO-USD-SWAP-LIN,4e-06,2025-05-04 04:00:25,2025-05-04 04:44:50
COCORO-USD-SWAP-LIN,1e-06,2025-05-04 05:00:26,2025-05-04 05:39:35
COCORO-USD-SWAP-LIN,-1.3e-05,2025-05-04 06:00:26,2025-05-04 06:48:18
COCORO-USD-SWAP-LIN,4e-06,2025-05-04 07:00:25,2025-05-04 07:37:50
COCORO-USD-SWAP-LIN,7e-06,2025-05-04 08:00:24,2025-05-04 08:44:29
COCORO-USD-SWAP-LIN,-1.6e-05,2025-05-04 09:00:23,2025-05-04 09:39:26
COLLAT-USD-SWAP-LIN,-2e-06,2025-05-04 02:00:24,2025-05-04 02:16:43
COLLAT-USD-SWAP-LIN,1.4e-05,2025-05-04 03:00:24,2025-05-04 03:37:43
COLLAT-USD-SWAP-LIN,1.4e-05,2025-05-04 04:00:25,2025-05-04 04:44:40
COLLAT-USD-SWAP-LIN,1.6e-05,2025-05-04 05:00:26,2025-05-04 05:39:24
COLLAT-USD-SWAP-LIN,-5e-06,2025-05-04 06:00:26,2025-05-04 06:48:07
COLLAT-USD-SWAP-LIN,-4e-06,2025-05-04 07:00:25,2025-05-04 07:37:40
COLLAT-USD-SWAP-LIN,2.5e-05,2025-05-04 08:00:24,2025-05-04 08:44:18
COLLAT-USD-SWAP-LIN,-1e-05,2025-05-04 09:00:23,2025-05-04 09:39:15
COOKIE-USD-SWAP-LIN,2e-06,2025-05-04 02:00:22,2025-05-04 02:14:44
COOKIE-USD-SWAP-LIN,2e-06,2025-05-04 03:00:22,2025-05-04 03:35:43
COOKIE-USD-SWAP-LIN,4e-06,2025-05-04 04:00:23,2025-05-04 04:42:40
COOKIE-USD-SWAP-LIN,0.0,2025-05-04 05:00:24,2025-05-04 05:37:25
COOKIE-USD-SWAP-LIN,1e-06,2025-05-04 06:00:23,2025-05-04 06:46:08
COOKIE-USD-SWAP-LIN,2e-06,2025-05-04 07:00:21,2025-05-04 07:35:40
COOKIE-USD-SWAP-LIN,1e-06,2025-05-04 08:00:21,2025-05-04 08:42:18
COOKIE-USD-SWAP-LIN,0.0,2025-05-04 09:00:21,2025-05-04 09:37:16
COW-USD-SWAP-LIN,-1e-06,2025-05-04 02:00:17,2025-05-04 02:10:31
COW-USD-SWAP-LIN,1e-06,2025-05-04 03:00:18,2025-05-04 03:31:29
COW-USD-SWAP-LIN,-1e-06,2025-05-04 04:00:18,2025-05-04 04:38:27
COW-USD-SWAP-LIN,-2e-06,2025-05-04 05:00:19,2025-05-04 05:33:11
COW-USD-SWAP-LIN,-0.000107,2025-05-04 06:00:16,2025-05-04 06:41:57
COW-USD-SWAP-LIN,-4.2e-05,2025-05-04 07:00:16,2025-05-04 07:31:27
COW-USD-SWAP-LIN,0.0,2025-05-04 08:00:16,2025-05-04 08:38:05
COW-USD-SWAP-LIN,2e-06,2025-05-04 09:00:16,2025-05-04 09:33:03
CPOOL-USD-SWAP-LIN,1e-06,2025-05-04 02:00:22,2025-05-04 02:14:12
CPOOL-USD-SWAP-LIN,0.0,2025-05-04 03:00:22,2025-05-04 03:35:10
CPOOL-USD-SWAP-LIN,4e-06,2025-05-04 04:00:22,2025-05-04 04:42:08
CPOOL-USD-SWAP-LIN,4e-06,2025-05-04 05:00:23,2025-05-04 05:36:53
CPOOL-USD-SWAP-LIN,3e-06,2025-05-04 06:00:22,2025-05-04 06:45:36
CPOOL-USD-SWAP-LIN,2e-06,2025-05-04 07:00:20,2025-05-04 07:35:07
CPOOL-USD-SWAP-LIN,2e-06,2025-05-04 08:00:21,2025-05-04 08:41:46
CPOOL-USD-SWAP-LIN,6e-06,2025-05-04 09:00:20,2025-05-04 09:36:43
CREAM-USD-SWAP-LIN,0.0,2025-05-04 02:00:16,2025-05-04 02:09:16
CREAM-USD-SWAP-LIN,0.0,2025-05-04 03:00:17,2025-05-04 03:30:14
CREAM-USD-SWAP-LIN,0.0,2025-05-04 04:00:17,2025-05-04 04:37:12
CREAM-USD-SWAP-LIN,0.0,2025-05-04 05:00:18,2025-05-04 05:31:55
CREAM-USD-SWAP-LIN,0.0,2025-05-04 06:00:15,2025-05-04 06:40:42
CREAM-USD-SWAP-LIN,-2e-06,2025-05-04 07:00:15,2025-05-04 07:30:11
CREAM-USD-SWAP-LIN,5.8e-05,2025-05-04 08:00:15,2025-05-04 08:36:48
CREAM-USD-SWAP-LIN,3.2e-05,2025-05-04 09:00:15,2025-05-04 09:31:45
CRV-USD-SWAP-LIN,-3.7e-05,2025-05-04 02:00:11,2025-05-04 02:04:17
CRV-USD-SWAP-LIN,-3.2e-05,2025-05-04 03:00:12,2025-05-04 03:25:15
CRV-USD-SWAP-LIN,-4.1e-05,2025-05-04 04:00:12,2025-05-04 04:32:13
CRV-USD-SWAP-LIN,-3.5e-05,2025-05-04 05:00:09,2025-05-04 05:26:54
CRV-USD-SWAP-LIN,-4.2e-05,2025-05-04 06:00:09,2025-05-04 06:35:43
CRV-USD-SWAP-LIN,-3.7e-05,2025-05-04 07:00:10,2025-05-04 07:25:11
CRV-USD-SWAP-LIN,-3.9e-05,2025-05-04 08:00:10,2025-05-04 08:31:47
CRV-USD-SWAP-LIN,-4.5e-05,2025-05-04 09:00:10,2025-05-04 09:26:45
CULT-USD-SWAP-LIN,5.2e-05,2025-05-04 02:00:20,2025-05-04 02:13:00
CULT-USD-SWAP-LIN,5.4e-05,2025-05-04 03:00:20,2025-05-04 03:33:57
CULT-USD-SWAP-LIN,5.8e-05,2025-05-04 04:00:21,2025-05-04 04:40:55
CULT-USD-SWAP-LIN,7.9e-05,2025-05-04 05:00:21,2025-05-04 05:35:39
CULT-USD-SWAP-LIN,6.9e-05,2025-05-04 06:00:20,2025-05-04 06:44:24
CULT-USD-SWAP-LIN,8.3e-05,2025-05-04 07:00:18,2025-05-04 07:33:56
CULT-USD-SWAP-LIN,8.6e-05,2025-05-04 08:00:19,2025-05-04 08:40:34
CULT-USD-SWAP-LIN,8.8e-05,2025-05-04 09:00:19,2025-05-04 09:35:30
DADDY-USD-SWAP-LIN,4.8e-05,2025-05-04 02:00:12,2025-05-04 02:04:49
DADDY-USD-SWAP-LIN,6.1e-05,2025-05-04 03:00:13,2025-05-04 03:25:48
DADDY-USD-SWAP-LIN,4.3e-05,2025-05-04 04:00:12,2025-05-04 04:32:46
DADDY-USD-SWAP-LIN,4.3e-05,2025-05-04 05:00:10,2025-05-04 05:27:28
DADDY-USD-SWAP-LIN,5e-05,2025-05-04 06:00:10,2025-05-04 06:36:16
DADDY-USD-SWAP-LIN,5.3e-05,2025-05-04 07:00:10,2025-05-04 07:25:45
DADDY-USD-SWAP-LIN,5.9e-05,2025-05-04 08:00:11,2025-05-04 08:32:20
DADDY-USD-SWAP-LIN,5e-05,2025-05-04 09:00:10,2025-05-04 09:27:19
DARK-USD-SWAP-LIN,5e-06,2025-05-04 02:00:26,2025-05-04 02:18:05
DARK-USD-SWAP-LIN,8e-06,2025-05-04 03:00:26,2025-05-04 03:39:07
DARK-USD-SWAP-LIN,9e-06,2025-05-04 04:00:27,2025-05-04 04:46:03
DARK-USD-SWAP-LIN,9e-06,2025-05-04 05:00:28,2025-05-04 05:40:48
DARK-USD-SWAP-LIN,1.1e-05,2025-05-04 06:00:27,2025-05-04 06:49:30
DARK-USD-SWAP-LIN,8e-06,2025-05-04 07:00:27,2025-05-04 07:39:04
DARK-USD-SWAP-LIN,9e-06,2025-05-04 08:00:26,2025-05-04 08:45:41
DARK-USD-SWAP-LIN,9e-06,2025-05-04 09:00:24,2025-05-04 09:40:38
DEEP-USD-SWAP-LIN,-1e-06,2025-05-04 02:00:23,2025-05-04 02:15:37
DEEP-USD-SWAP-LIN,-2e-06,2025-05-04 03:00:23,2025-05-04 03:36:38
DEEP-USD-SWAP-LIN,0.0,2025-05-04 04:00:24,2025-05-04 04:43:35
DEEP-USD-SWAP-LIN,-1e-06,2025-05-04 05:00:25,2025-05-04 05:38:18
DEEP-USD-SWAP-LIN,7e-06,2025-05-04 06:00:24,2025-05-04 06:47:03
DEEP-USD-SWAP-LIN,-1e-06,2025-05-04 07:00:24,2025-05-04 07:36:35
DEEP-USD-SWAP-LIN,-4e-06,2025-05-04 08:00:22,2025-05-04 08:43:12
DEEP-USD-SWAP-LIN,-2e-06,2025-05-04 09:00:22,2025-05-04 09:38:10
DEGEN-USD-SWAP-LIN,-2e-06,2025-05-04 02:00:10,2025-05-04 02:03:06
DEGEN-USD-SWAP-LIN,-2e-06,2025-05-04 03:00:11,2025-05-04 03:24:03
DEGEN-USD-SWAP-LIN,-2e-06,2025-05-04 04:00:11,2025-05-04 04:31:01
DEGEN-USD-SWAP-LIN,3e-06,2025-05-04 05:00:08,2025-05-04 05:25:42
DEGEN-USD-SWAP-LIN,-3.1e-05,2025-05-04 06:00:08,2025-05-04 06:34:30
DEGEN-USD-SWAP-LIN,3e-06,2025-05-04 07:00:09,2025-05-04 07:23:59
DEGEN-USD-SWAP-LIN,1e-06,2025-05-04 08:00:09,2025-05-04 08:30:35
DEGEN-USD-SWAP-LIN,3e-06,2025-05-04 09:00:09,2025-05-04 09:25:33
DEGOD-USD-SWAP-LIN,-6e-05,2025-05-04 02:00:15,2025-05-04 02:08:04
DEGOD-USD-SWAP-LIN,-6.8e-05,2025-05-04 03:00:16,2025-05-04 03:29:02
DEGOD-USD-SWAP-LIN,-2.5e-05,2025-05-04 04:00:15,2025-05-04 04:35:59
DEGOD-USD-SWAP-LIN,-2.2e-05,2025-05-04 05:00:16,2025-05-04 05:30:42
DEGOD-USD-SWAP-LIN,-2.2e-05,2025-05-04 06:00:13,2025-05-04 06:39:30
DEGOD-USD-SWAP-LIN,-0.000183,2025-05-04 07:00:13,2025-05-04 07:28:58
DEGOD-USD-SWAP-LIN,-0.000191,2025-05-04 08:00:14,2025-05-04 08:35:35
DEGOD-USD-SWAP-LIN,-8.5e-05,2025-05-04 09:00:14,2025-05-04 09:30:33
DINERO-USD-SWAP-LIN,-5e-06,2025-05-04 02:00:15,2025-05-04 02:08:07
DINERO-USD-SWAP-LIN,5e-06,2025-05-04 03:00:16,2025-05-04 03:29:06
DINERO-USD-SWAP-LIN,1.4e-05,2025-05-04 04:00:16,2025-05-04 04:36:03
DINERO-USD-SWAP-LIN,8e-06,2025-05-04 05:00:16,2025-05-04 05:30:46
DINERO-USD-SWAP-LIN,-2.1e-05,2025-05-04 06:00:13,2025-05-04 06:39:34
DINERO-USD-SWAP-LIN,-3e-06,2025-05-04 07:00:13,2025-05-04 07:29:02
DINERO-USD-SWAP-LIN,2.8e-05,2025-05-04 08:00:14,2025-05-04 08:35:39
DINERO-USD-SWAP-LIN,1e-06,2025-05-04 09:00:14,2025-05-04 09:30:36
DINO-USD-SWAP-LIN,1e-06,2025-05-04 02:00:19,2025-05-04 02:12:27
DINO-USD-SWAP-LIN,-1e-06,2025-05-04 03:00:20,2025-05-04 03:33:25
DINO-USD-SWAP-LIN,1e-06,2025-05-04 04:00:20,2025-05-04 04:40:23
DINO-USD-SWAP-LIN,0.0,2025-05-04 05:00:21,2025-05-04 05:35:06
DINO-USD-SWAP-LIN,0.0,2025-05-04 06:00:20,2025-05-04 06:43:52
DINO-USD-SWAP-LIN,0.0,2025-05-04 07:00:18,2025-05-04 07:33:24
DINO-USD-SWAP-LIN,3e-06,2025-05-04 08:00:18,2025-05-04 08:40:02
DINO-USD-SWAP-LIN,0.0,2025-05-04 09:00:18,2025-05-04 09:34:57
DOG-USD-SWAP-LIN,-1e-06,2025-05-04 02:00:14,2025-05-04 02:06:49
DOG-USD-SWAP-LIN,5e-06,2025-05-04 03:00:15,2025-05-04 03:27:47
DOG-USD-SWAP-LIN,0.0,2025-05-04 04:00:15,2025-05-04 04:34:44
DOG-USD-SWAP-LIN,-2e-06,2025-05-04 05:00:15,2025-05-04 05:29:27
DOG-USD-SWAP-LIN,2e-06,2025-05-04 06:00:12,2025-05-04 06:38:15
DOG-USD-SWAP-LIN,4e-06,2025-05-04 07:00:12,2025-05-04 07:27:43
DOG-USD-SWAP-LIN,4e-06,2025-05-04 08:00:13,2025-05-04 08:34:19
DOG-USD-SWAP-LIN,2e-06,2025-05-04 09:00:13,2025-05-04 09:29:17
DOGE-USD-SWAP-LIN,-1.9e-05,2025-05-04 02:00:06,2025-05-04 02:00:39
DOGE-USD-SWAP-LIN,-1.3e-05,2025-05-04 03:00:07,2025-05-04 03:21:36
DOGE-USD-SWAP-LIN,-1.4e-05,2025-05-04 04:00:05,2025-05-04 04:28:33
DOGE-USD-SWAP-LIN,-2.1e-05,2025-05-04 05:00:04,2025-05-04 05:23:15
DOGE-USD-SWAP-LIN,-2e-05,2025-05-04 06:00:04,2025-05-04 06:32:02
DOGE-USD-SWAP-LIN,-2.2e-05,2025-05-04 07:00:04,2025-05-04 07:21:33
DOGE-USD-SWAP-LIN,-2.2e-05,2025-05-04 08:00:05,2025-05-04 08:28:06
DOGE-USD-SWAP-LIN,-2.3e-05,2025-05-04 09:00:05,2025-05-04 09:23:05
DOGEAI-USD-SWAP-LIN,0.0,2025-05-04 02:00:23,2025-05-04 02:15:45
DOGEAI-USD-SWAP-LIN,-0.000228,2025-05-04 03:00:23,2025-05-04 03:36:45
DOGEAI-USD-SWAP-LIN,-0.000347,2025-05-04 04:00:24,2025-05-04 04:43:42
DOGEAI-USD-SWAP-LIN,-0.000338,2025-05-04 05:00:25,2025-05-04 05:38:26
DOGEAI-USD-SWAP-LIN,-0.000292,2025-05-04 06:00:24,2025-05-04 06:47:10
DOGEAI-USD-SWAP-LIN,-0.000284,2025-05-04 07:00:24,2025-05-04 07:36:42
DOGEAI-USD-SWAP-LIN,-0.000263,2025-05-04 08:00:22,2025-05-04 08:43:20
DOGEAI-USD-SWAP-LIN,-0.00035,2025-05-04 09:00:22,2025-05-04 09:38:18
DOGEGOV-USD-SWAP-LIN,-1.5e-05,2025-05-04 02:00:17,2025-05-04 02:09:41
DOGEGOV-USD-SWAP-LIN,3.6e-05,2025-05-04 03:00:17,2025-05-04 03:30:39
DOGEGOV-USD-SWAP-LIN,8e-06,2025-05-04 04:00:17,2025-05-04 04:37:36
DOGEGOV-USD-SWAP-LIN,-4e-06,2025-05-04 05:00:18,2025-05-04 05:32:20
DOGEGOV-USD-SWAP-LIN,9.9e-05,2025-05-04 06:00:15,2025-05-04 06:41:07
DOGEGOV-USD-SWAP-LIN,-8e-06,2025-05-04 07:00:15,2025-05-04 07:30:36
DOGEGOV-USD-SWAP-LIN,2.2e-05,2025-05-04 08:00:16,2025-05-04 08:37:14
DOGEGOV-USD-SWAP-LIN,4.5e-05,2025-05-04 09:00:16,2025-05-04 09:32:11
DOGINME-USD-SWAP-LIN,9.1e-05,2025-05-04 02:00:10,2025-05-04 02:02:59
DOGINME-USD-SWAP-LIN,8.6e-05,2025-05-04 03:00:11,2025-05-04 03:23:56
DOGINME-USD-SWAP-LIN,8e-05,2025-05-04 04:00:10,2025-05-04 04:30:54
DOGINME-USD-SWAP-LIN,8.4e-05,2025-05-04 05:00:08,2025-05-04 05:25:35
DOGINME-USD-SWAP-LIN,8.9e-05,2025-05-04 06:00:08,2025-05-04 06:34:24
DOGINME-USD-SWAP-LIN,8.8e-05,2025-05-04 07:00:08,2025-05-04 07:23:52
DOGINME-USD-SWAP-LIN,8.9e-05,2025-05-04 08:00:09,2025-05-04 08:30:28
DOGINME-USD-SWAP-LIN,9e-05,2025-05-04 09:00:09,2025-05-04 09:25:25
DOGS-USD-SWAP-LIN,-4e-05,2025-05-04 02:00:15,2025-05-04 02:07:46
DOGS-USD-SWAP-LIN,-3.7e-05,2025-05-04 03:00:15,2025-05-04 03:28:44
DOGS-USD-SWAP-LIN,-3.3e-05,2025-05-04 04:00:15,2025-05-04 04:35:41
DOGS-USD-SWAP-LIN,-4.2e-05,2025-05-04 05:00:16,2025-05-04 05:30:24
DOGS-USD-SWAP-LIN,-2.9e-05,2025-05-04 06:00:13,2025-05-04 06:39:12
DOGS-USD-SWAP-LIN,-4.6e-05,2025-05-04 07:00:13,2025-05-04 07:28:40
DOGS-USD-SWAP-LIN,-4.8e-05,2025-05-04 08:00:14,2025-05-04 08:35:17
DOGS-USD-SWAP-LIN,-5.2e-05,2025-05-04 09:00:14,2025-05-04 09:30:15
DOT-USD-SWAP-LIN,-3.4e-05,2025-05-04 02:00:06,2025-05-04 02:01:01
DOT-USD-SWAP-LIN,-3.1e-05,2025-05-04 03:00:07,2025-05-04 03:21:59
DOT-USD-SWAP-LIN,-3e-05,2025-05-04 04:00:05,2025-05-04 04:28:54
DOT-USD-SWAP-LIN,-3e-05,2025-05-04 05:00:05,2025-05-04 05:23:36
DOT-USD-SWAP-LIN,-2.8e-05,2025-05-04 06:00:04,2025-05-04 06:32:24
DOT-USD-SWAP-LIN,-1.6e-05,2025-05-04 07:00:05,2025-05-04 07:21:54
DOT-USD-SWAP-LIN,-2.4e-05,2025-05-04 08:00:05,2025-05-04 08:28:29
DOT-USD-SWAP-LIN,-2.6e-05,2025-05-04 09:00:05,2025-05-04 09:23:26
DRIFT-USD-SWAP-LIN,-2e-06,2025-05-04 02:00:15,2025-05-04 02:08:00
DRIFT-USD-SWAP-LIN,3e-06,2025-05-04 03:00:16,2025-05-04 03:28:58
DRIFT-USD-SWAP-LIN,5e-06,2025-05-04 04:00:15,2025-05-04 04:35:56
DRIFT-USD-SWAP-LIN,0.0,2025-05-04 05:00:16,2025-05-04 05:30:39
DRIFT-USD-SWAP-LIN,-1.2e-05,2025-05-04 06:00:13,2025-05-04 06:39:26
DRIFT-USD-SWAP-LIN,-1e-06,2025-05-04 07:00:13,2025-05-04 07:28:55
DRIFT-USD-SWAP-LIN,-6e-06,2025-05-04 08:00:14,2025-05-04 08:35:32
DRIFT-USD-SWAP-LIN,-2e-06,2025-05-04 09:00:14,2025-05-04 09:30:29
DYM-USD-SWAP-LIN,-5.3e-05,2025-05-04 02:00:06,2025-05-04 02:01:12
DYM-USD-SWAP-LIN,-6.6e-05,2025-05-04 03:00:08,2025-05-04 03:22:09
DYM-USD-SWAP-LIN,-6.1e-05,2025-05-04 04:00:05,2025-05-04 04:29:05
DYM-USD-SWAP-LIN,-6.2e-05,2025-05-04 05:00:05,2025-05-04 05:23:47
DYM-USD-SWAP-LIN,-5.5e-05,2025-05-04 06:00:05,2025-05-04 06:32:35
DYM-USD-SWAP-LIN,-1.7e-05,2025-05-04 07:00:05,2025-05-04 07:22:05
DYM-USD-SWAP-LIN,-8.5e-05,2025-05-04 08:00:05,2025-05-04 08:28:39
DYM-USD-SWAP-LIN,-7.1e-05,2025-05-04 09:00:06,2025-05-04 09:23:37
EIGEN-USD-SWAP-LIN,-4.4e-05,2025-05-04 02:00:15,2025-05-04 02:08:15
EIGEN-USD-SWAP-LIN,-4.6e-05,2025-05-04 03:00:16,2025-05-04 03:29:13
EIGEN-USD-SWAP-LIN,-3.9e-05,2025-05-04 04:00:16,2025-05-04 04:36:10
EIGEN-USD-SWAP-LIN,-3.5e-05,2025-05-04 05:00:16,2025-05-04 05:30:53
EIGEN-USD-SWAP-LIN,-3.4e-05,2025-05-04 06:00:13,2025-05-04 06:39:41
EIGEN-USD-SWAP-LIN,-8e-06,2025-05-04 07:00:14,2025-05-04 07:29:09
EIGEN-USD-SWAP-LIN,-2.6e-05,2025-05-04 08:00:14,2025-05-04 08:35:46
EIGEN-USD-SWAP-LIN,-2.8e-05,2025-05-04 09:00:14,2025-05-04 09:30:43
ENA-USD-SWAP-LIN,1.3e-05,2025-05-04 02:00:09,2025-05-04 02:02:34
ENA-USD-SWAP-LIN,1.3e-05,2025-05-04 03:00:10,2025-05-04 03:23:31
ENA-USD-SWAP-LIN,3e-05,2025-05-04 04:00:10,2025-05-04 04:30:28
ENA-USD-SWAP-LIN,1.6e-05,2025-05-04 05:00:07,2025-05-04 05:25:10
ENA-USD-SWAP-LIN,1.3e-05,2025-05-04 06:00:07,2025-05-04 06:33:58
ENA-USD-SWAP-LIN,1.2e-05,2025-05-04 07:00:08,2025-05-04 07:23:27
ENA-USD-SWAP-LIN,1.8e-05,2025-05-04 08:00:08,2025-05-04 08:30:03
ENA-USD-SWAP-LIN,2.1e-05,2025-05-04 09:00:08,2025-05-04 09:25:00
EOS-USD-SWAP-LIN,-3.5e-05,2025-05-04 02:00:19,2025-05-04 02:12:16
EOS-USD-SWAP-LIN,-4.3e-05,2025-05-04 03:00:20,2025-05-04 03:33:14
EOS-USD-SWAP-LIN,-4.9e-05,2025-05-04 04:00:20,2025-05-04 04:40:12
EOS-USD-SWAP-LIN,-4.9e-05,2025-05-04 05:00:21,2025-05-04 05:34:55
EOS-USD-SWAP-LIN,-5.1e-05,2025-05-04 06:00:20,2025-05-04 06:43:40
EOS-USD-SWAP-LIN,-5e-05,2025-05-04 07:00:18,2025-05-04 07:33:13
EOS-USD-SWAP-LIN,-4.2e-05,2025-05-04 08:00:18,2025-05-04 08:39:51
EOS-USD-SWAP-LIN,-3.5e-05,2025-05-04 09:00:18,2025-05-04 09:34:47
ETC-USD-SWAP-LIN,-2e-05,2025-05-04 02:00:19,2025-05-04 02:12:20
ETC-USD-SWAP-LIN,-2.2e-05,2025-05-04 03:00:20,2025-05-04 03:33:18
ETC-USD-SWAP-LIN,-2.1e-05,2025-05-04 04:00:20,2025-05-04 04:40:16
ETC-USD-SWAP-LIN,-2.6e-05,2025-05-04 05:00:21,2025-05-04 05:34:59
ETC-USD-SWAP-LIN,-2.6e-05,2025-05-04 06:00:20,2025-05-04 06:43:44
ETC-USD-SWAP-LIN,-1.7e-05,2025-05-04 07:00:18,2025-05-04 07:33:17
ETC-USD-SWAP-LIN,-1.4e-05,2025-05-04 08:00:18,2025-05-04 08:39:54
ETC-USD-SWAP-LIN,-1.8e-05,2025-05-04 09:00:18,2025-05-04 09:34:50
ETH-USD-SWAP-LIN,-7e-06,2025-05-04 01:00:02,2025-05-04 01:58:59
ETH-USD-SWAP-LIN,-4e-06,2025-05-04 03:00:04,2025-05-04 03:19:55
ETH-USD-SWAP-LIN,-6e-06,2025-05-04 04:00:02,2025-05-04 04:26:52
ETH-USD-SWAP-LIN,-5e-06,2025-05-04 05:00:01,2025-05-04 05:21:34
ETH-USD-SWAP-LIN,-7e-06,2025-05-04 06:00:01,2025-05-04 06:30:20
ETH-USD-SWAP-LIN,6e-06,2025-05-04 07:00:01,2025-05-04 07:19:52
ETH-USD-SWAP-LIN,5e-06,2025-05-04 08:00:02,2025-05-04 08:26:27
ETH-USD-SWAP-LIN,-2e-06,2025-05-04 09:00:02,2025-05-04 09:21:24
FAI-USD-SWAP-LIN,-1e-06,2025-05-04 02:00:21,2025-05-04 02:13:53
FAI-USD-SWAP-LIN,-1e-06,2025-05-04 03:00:21,2025-05-04 03:34:51
FAI-USD-SWAP-LIN,0.0,2025-05-04 04:00:22,2025-05-04 04:41:50
FAI-USD-SWAP-LIN,-1e-06,2025-05-04 05:00:23,2025-05-04 05:36:34
FAI-USD-SWAP-LIN,-3e-06,2025-05-04 06:00:22,2025-05-04 06:45:17
FAI-USD-SWAP-LIN,2e-06,2025-05-04 07:00:20,2025-05-04 07:34:50
FAI-USD-SWAP-LIN,-1e-06,2025-05-04 08:00:20,2025-05-04 08:41:27
FAI-USD-SWAP-LIN,1e-06,2025-05-04 09:00:20,2025-05-04 09:36:25
FARTCOIN-USD-SWAP-LIN,9e-05,2025-05-04 02:00:16,2025-05-04 02:09:12
FARTCOIN-USD-SWAP-LIN,0.000115,2025-05-04 03:00:17,2025-05-04 03:30:11
FARTCOIN-USD-SWAP-LIN,5.9e-05,2025-05-04 04:00:16,2025-05-04 04:37:08
FARTCOIN-USD-SWAP-LIN,3.4e-05,2025-05-04 05:00:17,2025-05-04 05:31:51
FARTCOIN-USD-SWAP-LIN,3e-05,2025-05-04 06:00:14,2025-05-04 06:40:39
FARTCOIN-USD-SWAP-LIN,3.6e-05,2025-05-04 07:00:14,2025-05-04 07:30:08
FARTCOIN-USD-SWAP-LIN,2.9e-05,2025-05-04 08:00:15,2025-05-04 08:36:45
FARTCOIN-USD-SWAP-LIN,2.6e-05,2025-05-04 09:00:15,2025-05-04 09:31:41
FAT-USD-SWAP-LIN,7.5e-05,2025-05-04 02:00:25,2025-05-04 02:17:23
FAT-USD-SWAP-LIN,9.4e-05,2025-05-04 03:00:25,2025-05-04 03:38:23
FAT-USD-SWAP-LIN,6.7e-05,2025-05-04 04:00:26,2025-05-04 04:45:19
FAT-USD-SWAP-LIN,8.7e-05,2025-05-04 05:00:27,2025-05-04 05:40:04
FAT-USD-SWAP-LIN,7.6e-05,2025-05-04 06:00:26,2025-05-04 06:48:47
FAT-USD-SWAP-LIN,0.000101,2025-05-04 07:00:26,2025-05-04 07:38:20
FAT-USD-SWAP-LIN,8.1e-05,2025-05-04 08:00:24,2025-05-04 08:44:58
FAT-USD-SWAP-LIN,7e-05,2025-05-04 09:00:24,2025-05-04 09:39:54
FIL-USD-SWAP-LIN,-3.1e-05,2025-05-04 01:00:04,2025-05-04 01:59:38
FIL-USD-SWAP-LIN,-3e-05,2025-05-04 03:00:06,2025-05-04 03:20:35
FIL-USD-SWAP-LIN,-2.9e-05,2025-05-04 04:00:04,2025-05-04 04:27:31
FIL-USD-SWAP-LIN,-2.2e-05,2025-05-04 05:00:03,2025-05-04 05:22:14
FIL-USD-SWAP-LIN,-1.8e-05,2025-05-04 06:00:03,2025-05-04 06:31:00
FIL-USD-SWAP-LIN,-1.8e-05,2025-05-04 07:00:03,2025-05-04 07:20:31
FIL-USD-SWAP-LIN,-2.6e-05,2025-05-04 08:00:04,2025-05-04 08:27:06
FIL-USD-SWAP-LIN,-2.2e-05,2025-05-04 09:00:04,2025-05-04 09:22:03
FTT-USD-SWAP-LIN,1e-06,2025-05-04 02:00:15,2025-05-04 02:08:29
FTT-USD-SWAP-LIN,-3.1e-05,2025-05-04 03:00:16,2025-05-04 03:29:28
FTT-USD-SWAP-LIN,-3e-06,2025-05-04 04:00:16,2025-05-04 04:36:25
FTT-USD-SWAP-LIN,2e-06,2025-05-04 05:00:17,2025-05-04 05:31:08
FTT-USD-SWAP-LIN,1e-06,2025-05-04 06:00:14,2025-05-04 06:39:55
FTT-USD-SWAP-LIN,-1e-06,2025-05-04 07:00:14,2025-05-04 07:29:24
FTT-USD-SWAP-LIN,3e-06,2025-05-04 08:00:14,2025-05-04 08:36:01
FTT-USD-SWAP-LIN,2e-06,2025-05-04 09:00:14,2025-05-04 09:30:58
FWOG-USD-SWAP-LIN,0.0,2025-05-04 02:00:14,2025-05-04 02:06:59
FWOG-USD-SWAP-LIN,2e-06,2025-05-04 03:00:15,2025-05-04 03:27:58
FWOG-USD-SWAP-LIN,3e-06,2025-05-04 04:00:15,2025-05-04 04:34:55
FWOG-USD-SWAP-LIN,1e-06,2025-05-04 05:00:15,2025-05-04 05:29:38
FWOG-USD-SWAP-LIN,-1e-06,2025-05-04 06:00:12,2025-05-04 06:38:25
FWOG-USD-SWAP-LIN,5e-06,2025-05-04 07:00:13,2025-05-04 07:27:54
FWOG-USD-SWAP-LIN,4e-06,2025-05-04 08:00:13,2025-05-04 08:34:30
FWOG-USD-SWAP-LIN,0.0,2025-05-04 09:00:13,2025-05-04 09:29:28
GAME-USD-SWAP-LIN,-1e-06,2025-05-04 02:00:16,2025-05-04 02:09:34
GAME-USD-SWAP-LIN,0.0,2025-05-04 03:00:17,2025-05-04 03:30:32
GAME-USD-SWAP-LIN,3e-06,2025-05-04 04:00:17,2025-05-04 04:37:29
GAME-USD-SWAP-LIN,3e-06,2025-05-04 05:00:18,2025-05-04 05:32:13
GAME-USD-SWAP-LIN,-2e-06,2025-05-04 06:00:15,2025-05-04 06:40:59
GAME-USD-SWAP-LIN,3e-06,2025-05-04 07:00:15,2025-05-04 07:30:29
GAME-USD-SWAP-LIN,0.0,2025-05-04 08:00:16,2025-05-04 08:37:07
GAME-USD-SWAP-LIN,3e-06,2025-05-04 09:00:15,2025-05-04 09:32:04
GAMESTOP-USD-SWAP-LIN,1.2e-05,2025-05-04 02:00:22,2025-05-04 02:15:02
GAMESTOP-USD-SWAP-LIN,1e-05,2025-05-04 03:00:22,2025-05-04 03:36:01
GAMESTOP-USD-SWAP-LIN,8e-06,2025-05-04 04:00:23,2025-05-04 04:42:58
GAMESTOP-USD-SWAP-LIN,8e-06,2025-05-04 05:00:24,2025-05-04 05:37:43
GAMESTOP-USD-SWAP-LIN,9e-06,2025-05-04 06:00:23,2025-05-04 06:46:26
GAMESTOP-USD-SWAP-LIN,1.4e-05,2025-05-04 07:00:21,2025-05-04 07:35:58
GAMESTOP-USD-SWAP-LIN,1.4e-05,2025-05-04 08:00:21,2025-05-04 08:42:36
GAMESTOP-USD-SWAP-LIN,1.5e-05,2025-05-04 09:00:21,2025-05-04 09:37:34
GFM-USD-SWAP-LIN,5.1e-05,2025-05-04 02:00:23,2025-05-04 02:15:48
GFM-USD-SWAP-LIN,8e-06,2025-05-04 03:00:23,2025-05-04 03:36:49
GFM-USD-SWAP-LIN,1e-06,2025-05-04 04:00:24,2025-05-04 04:43:46
GFM-USD-SWAP-LIN,-1.4e-05,2025-05-04 05:00:25,2025-05-04 05:38:30
GFM-USD-SWAP-LIN,2e-05,2025-05-04 06:00:24,2025-05-04 06:47:14
GFM-USD-SWAP-LIN,-2.5e-05,2025-05-04 07:00:24,2025-05-04 07:36:45
GFM-USD-SWAP-LIN,6e-06,2025-05-04 08:00:23,2025-05-04 08:43:23
GFM-USD-SWAP-LIN,-1e-06,2025-05-04 09:00:22,2025-05-04 09:38:21
GHIBLI-USD-SWAP-LIN,-0.000118,2025-05-04 02:00:25,2025-05-04 02:17:30
GHIBLI-USD-SWAP-LIN,-0.000442,2025-05-04 03:00:25,2025-05-04 03:38:30
GHIBLI-USD-SWAP-LIN,0.0,2025-05-04 04:00:26,2025-05-04 04:45:26
GHIBLI-USD-SWAP-LIN,0.0,2025-05-04 05:00:27,2025-05-04 05:40:11
GHIBLI-USD-SWAP-LIN,-0.000451,2025-05-04 06:00:27,2025-05-04 06:48:54
GHIBLI-USD-SWAP-LIN,-0.000264,2025-05-04 07:00:26,2025-05-04 07:38:27
GHIBLI-USD-SWAP-LIN,-0.00042,2025-05-04 08:00:25,2025-05-04 08:45:05
GHIBLI-USD-SWAP-LIN,0.0,2025-05-04 09:00:24,2025-05-04 09:40:02
GIGA-USD-SWAP-LIN,3.1e-05,2025-05-04 02:00:13,2025-05-04 02:05:41
GIGA-USD-SWAP-LIN,3.2e-05,2025-05-04 03:00:14,2025-05-04 03:26:39
GIGA-USD-SWAP-LIN,3.2e-05,2025-05-04 04:00:13,2025-05-04 04:33:35
GIGA-USD-SWAP-LIN,8.6e-05,2025-05-04 05:00:13,2025-05-04 05:28:19
GIGA-USD-SWAP-LIN,5e-05,2025-05-04 06:00:11,2025-05-04 06:37:06
GIGA-USD-SWAP-LIN,8.5e-05,2025-05-04 07:00:11,2025-05-04 07:26:35
GIGA-USD-SWAP-LIN,8.7e-05,2025-05-04 08:00:12,2025-05-04 08:33:12
GIGA-USD-SWAP-LIN,3.1e-05,2025-05-04 09:00:11,2025-05-04 09:28:09
GME-USD-SWAP-LIN,0.000317,2025-05-04 02:00:13,2025-05-04 02:05:44
GME-USD-SWAP-LIN,0.000284,2025-05-04 03:00:14,2025-05-04 03:26:43
GME-USD-SWAP-LIN,0.000281,2025-05-04 04:00:14,2025-05-04 04:33:39
GME-USD-SWAP-LIN,0.000284,2025-05-04 05:00:14,2025-05-04 05:28:22
GME-USD-SWAP-LIN,0.00029,2025-05-04 06:00:11,2025-05-04 06:37:10
GME-USD-SWAP-LIN,0.00029,2025-05-04 07:00:11,2025-05-04 07:26:39
GME-USD-SWAP-LIN,0.000276,2025-05-04 08:00:12,2025-05-04 08:33:15
GME-USD-SWAP-LIN,0.000286,2025-05-04 09:00:12,2025-05-04 09:28:13
GMT-USD-SWAP-LIN,-3.5e-05,2025-05-04 02:00:12,2025-05-04 02:04:35
GMT-USD-SWAP-LIN,-4.2e-05,2025-05-04 03:00:12,2025-05-04 03:25:33
GMT-USD-SWAP-LIN,-4.8e-05,2025-05-04 04:00:12,2025-05-04 04:32:31
GMT-USD-SWAP-LIN,-4.1e-05,2025-05-04 05:00:10,2025-05-04 05:27:13
GMT-USD-SWAP-LIN,-2.6e-05,2025-05-04 06:00:09,2025-05-04 06:36:01
GMT-USD-SWAP-LIN,-3.7e-05,2025-05-04 07:00:10,2025-05-04 07:25:30
GMT-USD-SWAP-LIN,-5e-05,2025-05-04 08:00:11,2025-05-04 08:32:06
GMT-USD-SWAP-LIN,-4.5e-05,2025-05-04 09:00:10,2025-05-04 09:27:04
GMX-USD-SWAP-LIN,-4.9e-05,2025-05-04 02:00:14,2025-05-04 02:06:56
GMX-USD-SWAP-LIN,-5.4e-05,2025-05-04 03:00:15,2025-05-04 03:27:54
GMX-USD-SWAP-LIN,-5.3e-05,2025-05-04 04:00:15,2025-05-04 04:34:51
GMX-USD-SWAP-LIN,-6.3e-05,2025-05-04 05:00:15,2025-05-04 05:29:34
GMX-USD-SWAP-LIN,-5.4e-05,2025-05-04 06:00:12,2025-05-04 06:38:22
GMX-USD-SWAP-LIN,-5.9e-05,2025-05-04 07:00:12,2025-05-04 07:27:50
GMX-USD-SWAP-LIN,-6.6e-05,2025-05-04 08:00:13,2025-05-04 08:34:26
GMX-USD-SWAP-LIN,-6.9e-05,2025-05-04 09:00:13,2025-05-04 09:29:24
GOAT-USD-SWAP-LIN,9e-06,2025-05-04 02:00:15,2025-05-04 02:09:01
GOAT-USD-SWAP-LIN,7e-06,2025-05-04 03:00:17,2025-05-04 03:30:00
GOAT-USD-SWAP-LIN,8e-06,2025-05-04 04:00:16,2025-05-04 04:36:57
GOAT-USD-SWAP-LIN,8e-06,2025-05-04 05:00:17,2025-05-04 05:31:40
GOAT-USD-SWAP-LIN,1.9e-05,2025-05-04 06:00:14,2025-05-04 06:40:28
GOAT-USD-SWAP-LIN,1e-06,2025-05-04 07:00:14,2025-05-04 07:29:57
GOAT-USD-SWAP-LIN,2e-06,2025-05-04 08:00:15,2025-05-04 08:36:34
GOAT-USD-SWAP-LIN,2e-06,2025-05-04 09:00:14,2025-05-04 09:31:31
GRASS-USD-SWAP-LIN,-3e-06,2025-05-04 02:00:17,2025-05-04 02:09:56
GRASS-USD-SWAP-LIN,-3e-06,2025-05-04 03:00:18,2025-05-04 03:30:54
GRASS-USD-SWAP-LIN,4e-06,2025-05-04 04:00:17,2025-05-04 04:37:51
GRASS-USD-SWAP-LIN,0.0,2025-05-04 05:00:18,2025-05-04 05:32:35
GRASS-USD-SWAP-LIN,-2.9e-05,2025-05-04 06:00:15,2025-05-04 06:41:21
GRASS-USD-SWAP-LIN,0.0,2025-05-04 07:00:16,2025-05-04 07:30:51
GRASS-USD-SWAP-LIN,1e-06,2025-05-04 08:00:16,2025-05-04 08:37:29
GRASS-USD-SWAP-LIN,3e-06,2025-05-04 09:00:16,2025-05-04 09:32:25
GRIFFAIN-USD-SWAP-LIN,8e-06,2025-05-04 02:00:20,2025-05-04 02:13:03
GRIFFAIN-USD-SWAP-LIN,1e-05,2025-05-04 03:00:20,2025-05-04 03:34:01
GRIFFAIN-USD-SWAP-LIN,7e-06,2025-05-04 04:00:21,2025-05-04 04:40:59
GRIFFAIN-USD-SWAP-LIN,7e-06,2025-05-04 05:00:22,2025-05-04 05:35:42
GRIFFAIN-USD-SWAP-LIN,5.3e-05,2025-05-04 06:00:21,2025-05-04 06:44:27
GRIFFAIN-USD-SWAP-LIN,8e-06,2025-05-04 07:00:19,2025-05-04 07:34:00
GRIFFAIN-USD-SWAP-LIN,9e-06,2025-05-04 08:00:19,2025-05-04 08:40:37
GRIFFAIN-USD-SWAP-LIN,1.1e-05,2025-05-04 09:00:19,2025-05-04 09:35:33
GROK-USD-SWAP-LIN,0.0,2025-05-04 02:00:14,2025-05-04 02:06:45
GROK-USD-SWAP-LIN,-1e-06,2025-05-04 03:00:15,2025-05-04 03:27:44
GROK-USD-SWAP-LIN,1.1e-05,2025-05-04 04:00:15,2025-05-04 04:34:40
GROK-USD-SWAP-LIN,7e-06,2025-05-04 05:00:15,2025-05-04 05:29:23
GROK-USD-SWAP-LIN,-9e-06,2025-05-04 06:00:12,2025-05-04 06:38:11
GROK-USD-SWAP-LIN,1e-06,2025-05-04 07:00:12,2025-05-04 07:27:40
GROK-USD-SWAP-LIN,9e-06,2025-05-04 08:00:13,2025-05-04 08:34:16
GROK-USD-SWAP-LIN,1e-06,2025-05-04 09:00:13,2025-05-04 09:29:14
GT-USD-SWAP-LIN,-2e-06,2025-05-04 02:00:11,2025-05-04 02:03:48
GT-USD-SWAP-LIN,7e-06,2025-05-04 03:00:12,2025-05-04 03:24:47
GT-USD-SWAP-LIN,2e-06,2025-05-04 04:00:11,2025-05-04 04:31:44
GT-USD-SWAP-LIN,-6e-06,2025-05-04 05:00:09,2025-05-04 05:26:26
GT-USD-SWAP-LIN,-1.4e-05,2025-05-04 06:00:09,2025-05-04 06:35:14
GT-USD-SWAP-LIN,1.3e-05,2025-05-04 07:00:09,2025-05-04 07:24:43
GT-USD-SWAP-LIN,3e-06,2025-05-04 08:00:10,2025-05-04 08:31:19
GT-USD-SWAP-LIN,1e-05,2025-05-04 09:00:10,2025-05-04 09:26:17
HAWKTUAH-USD-SWAP-LIN,4e-06,2025-05-04 02:00:17,2025-05-04 02:10:52
HAWKTUAH-USD-SWAP-LIN,3e-06,2025-05-04 03:00:18,2025-05-04 03:31:51
HAWKTUAH-USD-SWAP-LIN,6e-06,2025-05-04 04:00:18,2025-05-04 04:38:49
HAWKTUAH-USD-SWAP-LIN,2e-06,2025-05-04 05:00:19,2025-05-04 05:33:32
HAWKTUAH-USD-SWAP-LIN,0.0,2025-05-04 06:00:16,2025-05-04 06:42:19
HAWKTUAH-USD-SWAP-LIN,8e-06,2025-05-04 07:00:16,2025-05-04 07:31:49
HAWKTUAH-USD-SWAP-LIN,9e-06,2025-05-04 08:00:16,2025-05-04 08:38:27
HAWKTUAH-USD-SWAP-LIN,7e-06,2025-05-04 09:00:16,2025-05-04 09:33:24
HBAR-USD-SWAP-LIN,-4e-06,2025-05-04 02:00:19,2025-05-04 02:12:09
HBAR-USD-SWAP-LIN,-2e-06,2025-05-04 03:00:20,2025-05-04 03:33:07
HBAR-USD-SWAP-LIN,-2e-06,2025-05-04 04:00:20,2025-05-04 04:40:04
HBAR-USD-SWAP-LIN,-6e-06,2025-05-04 05:00:21,2025-05-04 05:34:49
HBAR-USD-SWAP-LIN,-7e-06,2025-05-04 06:00:20,2025-05-04 06:43:34
HBAR-USD-SWAP-LIN,-3e-06,2025-05-04 07:00:18,2025-05-04 07:33:05
HBAR-USD-SWAP-LIN,-2e-06,2025-05-04 08:00:18,2025-05-04 08:39:43
HBAR-USD-SWAP-LIN,-4e-06,2025-05-04 09:00:18,2025-05-04 09:34:40
HEYANON-USD-SWAP-LIN,-8e-06,2025-05-04 02:00:22,2025-05-04 02:14:55
HEYANON-USD-SWAP-LIN,-7e-06,2025-05-04 03:00:22,2025-05-04 03:35:54
HEYANON-USD-SWAP-LIN,-7e-06,2025-05-04 04:00:23,2025-05-04 04:42:51
HEYANON-USD-SWAP-LIN,-9e-06,2025-05-04 05:00:24,2025-05-04 05:37:36
HEYANON-USD-SWAP-LIN,-9e-06,2025-05-04 06:00:23,2025-05-04 06:46:19
HEYANON-USD-SWAP-LIN,-7e-06,2025-05-04 07:00:21,2025-05-04 07:35:51
HEYANON-USD-SWAP-LIN,-9e-06,2025-05-04 08:00:21,2025-05-04 08:42:29
HEYANON-USD-SWAP-LIN,-9e-06,2025-05-04 09:00:21,2025-05-04 09:37:27
HFUN-USD-SWAP-LIN,-1.5e-05,2025-05-04 02:00:20,2025-05-04 02:13:31
HFUN-USD-SWAP-LIN,-3.6e-05,2025-05-04 03:00:21,2025-05-04 03:34:30
HFUN-USD-SWAP-LIN,-2.5e-05,2025-05-04 04:00:21,2025-05-04 04:41:28
HFUN-USD-SWAP-LIN,-1.1e-05,2025-05-04 05:00:22,2025-05-04 05:36:12
HFUN-USD-SWAP-LIN,1.6e-05,2025-05-04 06:00:21,2025-05-04 06:44:56
HFUN-USD-SWAP-LIN,-2.1e-05,2025-05-04 07:00:19,2025-05-04 07:34:28
HFUN-USD-SWAP-LIN,-2.5e-05,2025-05-04 08:00:20,2025-05-04 08:41:06
HFUN-USD-SWAP-LIN,5e-06,2025-05-04 09:00:19,2025-05-04 09:36:03
HIPPO-USD-SWAP-LIN,-3.3e-05,2025-05-04 02:00:15,2025-05-04 02:08:25
HIPPO-USD-SWAP-LIN,-4.2e-05,2025-05-04 03:00:16,2025-05-04 03:29:24
HIPPO-USD-SWAP-LIN,-3.2e-05,2025-05-04 04:00:16,2025-05-04 04:36:21
HIPPO-USD-SWAP-LIN,-3.7e-05,2025-05-04 05:00:16,2025-05-04 05:31:04
HIPPO-USD-SWAP-LIN,-4.2e-05,2025-05-04 06:00:13,2025-05-04 06:39:52
HIPPO-USD-SWAP-LIN,-5.1e-05,2025-05-04 07:00:14,2025-05-04 07:29:21
HIPPO-USD-SWAP-LIN,-3.1e-05,2025-05-04 08:00:14,2025-05-04 08:35:58
HIPPO-USD-SWAP-LIN,-4e-05,2025-05-04 09:00:14,2025-05-04 09:30:55
HNT-USD-SWAP-LIN,0.00021,2025-05-04 02:00:11,2025-05-04 02:04:03
HNT-USD-SWAP-LIN,0.000191,2025-05-04 03:00:12,2025-05-04 03:25:01
HNT-USD-SWAP-LIN,0.000164,2025-05-04 04:00:11,2025-05-04 04:31:59
HNT-USD-SWAP-LIN,0.000164,2025-05-04 05:00:09,2025-05-04 05:26:40
HNT-USD-SWAP-LIN,0.000191,2025-05-04 06:00:09,2025-05-04 06:35:29
HNT-USD-SWAP-LIN,0.000167,2025-05-04 07:00:09,2025-05-04 07:24:57
HNT-USD-SWAP-LIN,0.000208,2025-05-04 08:00:10,2025-05-04 08:31:33
HNT-USD-SWAP-LIN,0.000211,2025-05-04 09:00:10,2025-05-04 09:26:31
HOUSE-USD-SWAP-LIN,0.00011,2025-05-04 02:00:26,2025-05-04 02:18:09
HOUSE-USD-SWAP-LIN,6.2e-05,2025-05-04 03:00:26,2025-05-04 03:39:11
HOUSE-USD-SWAP-LIN,-0.000135,2025-05-04 04:00:27,2025-05-04 04:46:06
HOUSE-USD-SWAP-LIN,-9.8e-05,2025-05-04 05:00:28,2025-05-04 05:40:52
HOUSE-USD-SWAP-LIN,-4.8e-05,2025-05-04 06:00:27,2025-05-04 06:49:33
HOUSE-USD-SWAP-LIN,-4.8e-05,2025-05-04 07:00:27,2025-05-04 07:39:08
HOUSE-USD-SWAP-LIN,-6.7e-05,2025-05-04 08:00:28,2025-05-04 08:45:45
HOUSE-USD-SWAP-LIN,-4.8e-05,2025-05-04 09:00:24,2025-05-04 09:40:42
HYPE-USD-SWAP-LIN,8e-06,2025-05-04 02:00:19,2025-05-04 02:11:54
HYPE-USD-SWAP-LIN,7e-06,2025-05-04 03:00:19,2025-05-04 03:32:53
HYPE-USD-SWAP-LIN,4e-06,2025-05-04 04:00:20,2025-05-04 04:39:50
HYPE-USD-SWAP-LIN,7e-06,2025-05-04 05:00:20,2025-05-04 05:34:35
HYPE-USD-SWAP-LIN,7e-06,2025-05-04 06:00:19,2025-05-04 06:43:19
HYPE-USD-SWAP-LIN,6e-06,2025-05-04 07:00:17,2025-05-04 07:32:51
HYPE-USD-SWAP-LIN,8e-06,2025-05-04 08:00:18,2025-05-04 08:39:29
HYPE-USD-SWAP-LIN,7e-06,2025-05-04 09:00:18,2025-05-04 09:34:26
ID-USD-SWAP-LIN,-3.6e-05,2025-05-04 02:00:06,2025-05-04 02:01:22
ID-USD-SWAP-LIN,-4.3e-05,2025-05-04 03:00:08,2025-05-04 03:22:20
ID-USD-SWAP-LIN,-3e-05,2025-05-04 04:00:05,2025-05-04 04:29:16
ID-USD-SWAP-LIN,-3.6e-05,2025-05-04 05:00:05,2025-05-04 05:23:58
ID-USD-SWAP-LIN,-3.8e-05,2025-05-04 06:00:05,2025-05-04 06:32:46
ID-USD-SWAP-LIN,-4.7e-05,2025-05-04 07:00:05,2025-05-04 07:22:16
ID-USD-SWAP-LIN,-3.9e-05,2025-05-04 08:00:05,2025-05-04 08:28:50
ID-USD-SWAP-LIN,-4e-05,2025-05-04 09:00:06,2025-05-04 09:23:47
IMX-USD-SWAP-LIN,-2.3e-05,2025-05-04 02:00:11,2025-05-04 02:03:24
IMX-USD-SWAP-LIN,-2.7e-05,2025-05-04 03:00:11,2025-05-04 03:24:21
IMX-USD-SWAP-LIN,-1.8e-05,2025-05-04 04:00:11,2025-05-04 04:31:19
IMX-USD-SWAP-LIN,-3.1e-05,2025-05-04 05:00:09,2025-05-04 05:26:00
IMX-USD-SWAP-LIN,-3.5e-05,2025-05-04 06:00:08,2025-05-04 06:34:48
IMX-USD-SWAP-LIN,-3e-05,2025-05-04 07:00:09,2025-05-04 07:24:17
IMX-USD-SWAP-LIN,-4.1e-05,2025-05-04 08:00:09,2025-05-04 08:30:53
IMX-USD-SWAP-LIN,-3.4e-05,2025-05-04 09:00:09,2025-05-04 09:25:51
INJ-USD-SWAP-LIN,-1.4e-05,2025-05-04 01:00:04,2025-05-04 01:59:59
INJ-USD-SWAP-LIN,-2.5e-05,2025-05-04 03:00:07,2025-05-04 03:20:56
INJ-USD-SWAP-LIN,-2.2e-05,2025-05-04 04:00:04,2025-05-04 04:27:53
INJ-USD-SWAP-LIN,-2.3e-05,2025-05-04 05:00:03,2025-05-04 05:22:36
INJ-USD-SWAP-LIN,-1.4e-05,2025-05-04 06:00:04,2025-05-04 06:31:22
INJ-USD-SWAP-LIN,0.0,2025-05-04 07:00:04,2025-05-04 07:20:54
INJ-USD-SWAP-LIN,-1.8e-05,2025-05-04 08:00:04,2025-05-04 08:27:27
INJ-USD-SWAP-LIN,-2.2e-05,2025-05-04 09:00:05,2025-05-04 09:22:25
INST-USD-SWAP-LIN,2e-06,2025-05-04 02:00:28,2025-05-04 02:18:49
INST-USD-SWAP-LIN,3e-06,2025-05-04 03:00:28,2025-05-04 03:39:51
INST-USD-SWAP-LIN,0.0,2025-05-04 04:00:29,2025-05-04 04:46:46
INST-USD-SWAP-LIN,-4e-06,2025-05-04 05:00:30,2025-05-04 05:41:31
INST-USD-SWAP-LIN,1e-06,2025-05-04 06:00:29,2025-05-04 06:50:13
INST-USD-SWAP-LIN,3e-06,2025-05-04 07:00:29,2025-05-04 07:39:47
INST-USD-SWAP-LIN,-2e-06,2025-05-04 08:00:30,2025-05-04 08:46:28
INST-USD-SWAP-LIN,0.0,2025-05-04 09:00:26,2025-05-04 09:41:25
IO-USD-SWAP-LIN,-7.1e-05,2025-05-04 02:00:15,2025-05-04 02:08:54
IO-USD-SWAP-LIN,-9.3e-05,2025-05-04 03:00:16,2025-05-04 03:29:53
IO-USD-SWAP-LIN,-6.9e-05,2025-05-04 04:00:16,2025-05-04 04:36:50
IO-USD-SWAP-LIN,-6.5e-05,2025-05-04 05:00:17,2025-05-04 05:31:33
IO-USD-SWAP-LIN,-7.1e-05,2025-05-04 06:00:14,2025-05-04 06:40:21
IO-USD-SWAP-LIN,-4.6e-05,2025-05-04 07:00:14,2025-05-04 07:29:50
IO-USD-SWAP-LIN,-6e-05,2025-05-04 08:00:14,2025-05-04 08:36:27
IO-USD-SWAP-LIN,-5.2e-05,2025-05-04 09:00:14,2025-05-04 09:31:24
IOTA-USD-SWAP-LIN,-3.9e-05,2025-05-04 02:00:19,2025-05-04 02:12:34
IOTA-USD-SWAP-LIN,-3.6e-05,2025-05-04 03:00:20,2025-05-04 03:33:32
IOTA-USD-SWAP-LIN,-4.2e-05,2025-05-04 04:00:20,2025-05-04 04:40:30
IOTA-USD-SWAP-LIN,-4.6e-05,2025-05-04 05:00:21,2025-05-04 05:35:14
IOTA-USD-SWAP-LIN,-3.8e-05,2025-05-04 06:00:20,2025-05-04 06:43:58
IOTA-USD-SWAP-LIN,-3.8e-05,2025-05-04 07:00:18,2025-05-04 07:33:31
IOTA-USD-SWAP-LIN,-4e-05,2025-05-04 08:00:19,2025-05-04 08:40:08
IOTA-USD-SWAP-LIN,-4.2e-05,2025-05-04 09:00:18,2025-05-04 09:35:05
IP-USD-SWAP-LIN,-1e-06,2025-05-04 02:00:24,2025-05-04 02:16:28
IP-USD-SWAP-LIN,-1e-06,2025-05-04 03:00:24,2025-05-04 03:37:29
IP-USD-SWAP-LIN,1e-06,2025-05-04 04:00:25,2025-05-04 04:44:25
IP-USD-SWAP-LIN,-1e-06,2025-05-04 05:00:26,2025-05-04 05:39:09
IP-USD-SWAP-LIN,-1e-06,2025-05-04 06:00:25,2025-05-04 06:47:53
IP-USD-SWAP-LIN,0.0,2025-05-04 07:00:25,2025-05-04 07:37:25
IP-USD-SWAP-LIN,1e-06,2025-05-04 08:00:23,2025-05-04 08:44:04
IP-USD-SWAP-LIN,1e-06,2025-05-04 09:00:22,2025-05-04 09:39:00
ISO20022-USD-SWAP-LIN,-2e-06,2025-05-04 02:00:23,2025-05-04 02:15:19
ISO20022-USD-SWAP-LIN,0.0,2025-05-04 03:00:23,2025-05-04 03:36:19
ISO20022-USD-SWAP-LIN,0.0,2025-05-04 04:00:23,2025-05-04 04:43:17
ISO20022-USD-SWAP-LIN,0.0,2025-05-04 05:00:24,2025-05-04 05:38:01
ISO20022-USD-SWAP-LIN,-2e-06,2025-05-04 06:00:24,2025-05-04 06:46:45
ISO20022-USD-SWAP-LIN,0.0,2025-05-04 07:00:23,2025-05-04 07:36:17
ISO20022-USD-SWAP-LIN,-3e-06,2025-05-04 08:00:22,2025-05-04 08:42:54
ISO20022-USD-SWAP-LIN,1e-06,2025-05-04 09:00:21,2025-05-04 09:37:52
JELLY-USD-SWAP-LIN,6.3e-05,2025-05-04 02:00:23,2025-05-04 02:15:52
JELLY-USD-SWAP-LIN,5.8e-05,2025-05-04 03:00:23,2025-05-04 03:36:52
JELLY-USD-SWAP-LIN,7.7e-05,2025-05-04 04:00:24,2025-05-04 04:43:49
JELLY-USD-SWAP-LIN,6e-05,2025-05-04 05:00:25,2025-05-04 05:38:33
JELLY-USD-SWAP-LIN,5.5e-05,2025-05-04 06:00:24,2025-05-04 06:47:18
JELLY-USD-SWAP-LIN,6.4e-05,2025-05-04 07:00:24,2025-05-04 07:36:49
JELLY-USD-SWAP-LIN,7.4e-05,2025-05-04 08:00:23,2025-05-04 08:43:27
JELLY-USD-SWAP-LIN,6.1e-05,2025-05-04 09:00:22,2025-05-04 09:38:25
JOE-USD-SWAP-LIN,-3e-06,2025-05-04 02:00:16,2025-05-04 02:09:05
JOE-USD-SWAP-LIN,0.0,2025-05-04 03:00:17,2025-05-04 03:30:04
JOE-USD-SWAP-LIN,-2e-06,2025-05-04 04:00:16,2025-05-04 04:37:01
JOE-USD-SWAP-LIN,1e-06,2025-05-04 05:00:17,2025-05-04 05:31:44
JOE-USD-SWAP-LIN,3e-06,2025-05-04 06:00:14,2025-05-04 06:40:31
JOE-USD-SWAP-LIN,8e-06,2025-05-04 07:00:14,2025-05-04 07:30:00
JOE-USD-SWAP-LIN,1.1e-05,2025-05-04 08:00:15,2025-05-04 08:36:37
JOE-USD-SWAP-LIN,-1e-06,2025-05-04 09:00:15,2025-05-04 09:31:34
JTO-USD-SWAP-LIN,-4e-06,2025-05-04 02:00:05,2025-05-04 02:00:07
JTO-USD-SWAP-LIN,-1e-06,2025-05-04 03:00:07,2025-05-04 03:21:04
JTO-USD-SWAP-LIN,1e-06,2025-05-04 04:00:04,2025-05-04 04:28:00
JTO-USD-SWAP-LIN,-1e-06,2025-05-04 05:00:04,2025-05-04 05:22:43
JTO-USD-SWAP-LIN,-1e-06,2025-05-04 06:00:04,2025-05-04 06:31:30
JTO-USD-SWAP-LIN,-4e-06,2025-05-04 07:00:04,2025-05-04 07:21:01
JTO-USD-SWAP-LIN,-3e-06,2025-05-04 08:00:04,2025-05-04 08:27:34
JTO-USD-SWAP-LIN,-1e-06,2025-05-04 09:00:05,2025-05-04 09:22:32
JUP-USD-SWAP-LIN,-2e-05,2025-05-04 01:00:05,2025-05-04 02:00:03
JUP-USD-SWAP-LIN,-1.8e-05,2025-05-04 03:00:07,2025-05-04 03:21:00
JUP-USD-SWAP-LIN,-2.9e-05,2025-05-04 04:00:04,2025-05-04 04:27:57
JUP-USD-SWAP-LIN,-2e-05,2025-05-04 05:00:04,2025-05-04 05:22:39
JUP-USD-SWAP-LIN,-3.2e-05,2025-05-04 06:00:04,2025-05-04 06:31:26
JUP-USD-SWAP-LIN,-3.5e-05,2025-05-04 07:00:04,2025-05-04 07:20:57
JUP-USD-SWAP-LIN,-2.9e-05,2025-05-04 08:00:04,2025-05-04 08:27:30
JUP-USD-SWAP-LIN,-2.5e-05,2025-05-04 09:00:05,2025-05-04 09:22:29
KAIA-USD-SWAP-LIN,3e-06,2025-05-04 02:00:17,2025-05-04 02:10:38
KAIA-USD-SWAP-LIN,-1e-06,2025-05-04 03:00:18,2025-05-04 03:31:36
KAIA-USD-SWAP-LIN,5e-06,2025-05-04 04:00:18,2025-05-04 04:38:35
KAIA-USD-SWAP-LIN,1e-06,2025-05-04 05:00:19,2025-05-04 05:33:18
KAIA-USD-SWAP-LIN,3.5e-05,2025-05-04 06:00:16,2025-05-04 06:42:04
KAIA-USD-SWAP-LIN,4e-06,2025-05-04 07:00:16,2025-05-04 07:31:34
KAIA-USD-SWAP-LIN,5e-06,2025-05-04 08:00:16,2025-05-04 08:38:13
KAIA-USD-SWAP-LIN,5e-06,2025-05-04 09:00:16,2025-05-04 09:33:10
KAITO-USD-SWAP-LIN,-3.9e-05,2025-05-04 02:00:24,2025-05-04 02:16:39
KAITO-USD-SWAP-LIN,-4e-05,2025-05-04 03:00:24,2025-05-04 03:37:39
KAITO-USD-SWAP-LIN,-4.1e-05,2025-05-04 04:00:25,2025-05-04 04:44:36
KAITO-USD-SWAP-LIN,-4.2e-05,2025-05-04 05:00:26,2025-05-04 05:39:20
KAITO-USD-SWAP-LIN,-6.1e-05,2025-05-04 06:00:26,2025-05-04 06:48:03
KAITO-USD-SWAP-LIN,-3.5e-05,2025-05-04 07:00:25,2025-05-04 07:37:36
KAITO-USD-SWAP-LIN,-3.4e-05,2025-05-04 08:00:24,2025-05-04 08:44:14
KAITO-USD-SWAP-LIN,-3.5e-05,2025-05-04 09:00:23,2025-05-04 09:39:11
KAS-USD-SWAP-LIN,3e-06,2025-05-04 02:00:15,2025-05-04 02:07:38
KAS-USD-SWAP-LIN,3e-06,2025-05-04 03:00:15,2025-05-04 03:28:37
KAS-USD-SWAP-LIN,4e-06,2025-05-04 04:00:15,2025-05-04 04:35:34
KAS-USD-SWAP-LIN,2e-06,2025-05-04 05:00:16,2025-05-04 05:30:17
KAS-USD-SWAP-LIN,1e-06,2025-05-04 06:00:13,2025-05-04 06:39:05
KAS-USD-SWAP-LIN,1e-06,2025-05-04 07:00:13,2025-05-04 07:28:33
KAS-USD-SWAP-LIN,1e-06,2025-05-04 08:00:14,2025-05-04 08:35:11
KAS-USD-SWAP-LIN,4e-06,2025-05-04 09:00:13,2025-05-04 09:30:07
KEKIUS-USD-SWAP-LIN,-1.7e-05,2025-05-04 02:00:22,2025-05-04 02:14:19
KEKIUS-USD-SWAP-LIN,-2.1e-05,2025-05-04 03:00:22,2025-05-04 03:35:17
KEKIUS-USD-SWAP-LIN,-2.1e-05,2025-05-04 04:00:22,2025-05-04 04:42:15
KEKIUS-USD-SWAP-LIN,-2.7e-05,2025-05-04 05:00:23,2025-05-04 05:37:00
KEKIUS-USD-SWAP-LIN,-1e-05,2025-05-04 06:00:23,2025-05-04 06:45:43
KEKIUS-USD-SWAP-LIN,-3.7e-05,2025-05-04 07:00:20,2025-05-04 07:35:15
KEKIUS-USD-SWAP-LIN,-2.5e-05,2025-05-04 08:00:21,2025-05-04 08:41:53
KEKIUS-USD-SWAP-LIN,-3e-05,2025-05-04 09:00:20,2025-05-04 09:36:51
KEYCAT-USD-SWAP-LIN,1.1e-05,2025-05-04 02:00:18,2025-05-04 02:11:18
KEYCAT-USD-SWAP-LIN,2e-05,2025-05-04 03:00:19,2025-05-04 03:32:17
KEYCAT-USD-SWAP-LIN,3e-06,2025-05-04 04:00:18,2025-05-04 04:39:14
KEYCAT-USD-SWAP-LIN,-1.4e-05,2025-05-04 05:00:20,2025-05-04 05:33:58
KEYCAT-USD-SWAP-LIN,-1.8e-05,2025-05-04 06:00:18,2025-05-04 06:42:43
KEYCAT-USD-SWAP-LIN,1.7e-05,2025-05-04 07:00:17,2025-05-04 07:32:15
KEYCAT-USD-SWAP-LIN,2e-05,2025-05-04 08:00:17,2025-05-04 08:38:53
KEYCAT-USD-SWAP-LIN,-9e-06,2025-05-04 09:00:17,2025-05-04 09:33:50
KOMA-USD-SWAP-LIN,-1.5e-05,2025-05-04 02:00:22,2025-05-04 02:14:33
KOMA-USD-SWAP-LIN,-1.8e-05,2025-05-04 03:00:22,2025-05-04 03:35:32
KOMA-USD-SWAP-LIN,-1.1e-05,2025-05-04 04:00:22,2025-05-04 04:42:29
KOMA-USD-SWAP-LIN,4e-06,2025-05-04 05:00:23,2025-05-04 05:37:14
KOMA-USD-SWAP-LIN,1.4e-05,2025-05-04 06:00:23,2025-05-04 06:45:58
KOMA-USD-SWAP-LIN,3e-06,2025-05-04 07:00:20,2025-05-04 07:35:29
KOMA-USD-SWAP-LIN,3e-06,2025-05-04 08:00:21,2025-05-04 08:42:08
KOMA-USD-SWAP-LIN,9e-06,2025-05-04 09:00:21,2025-05-04 09:37:05
KTA-USD-SWAP-LIN,2e-06,2025-05-04 02:00:25,2025-05-04 02:17:16
KTA-USD-SWAP-LIN,1e-06,2025-05-04 03:00:25,2025-05-04 03:38:17
KTA-USD-SWAP-LIN,1e-06,2025-05-04 04:00:26,2025-05-04 04:45:12
KTA-USD-SWAP-LIN,3e-06,2025-05-04 05:00:27,2025-05-04 05:39:57
KTA-USD-SWAP-LIN,0.0,2025-05-04 06:00:26,2025-05-04 06:48:39
KTA-USD-SWAP-LIN,2e-06,2025-05-04 07:00:26,2025-05-04 07:38:13
KTA-USD-SWAP-LIN,-1e-06,2025-05-04 08:00:24,2025-05-04 08:44:51
KTA-USD-SWAP-LIN,2e-06,2025-05-04 09:00:23,2025-05-04 09:39:47
LAYER-USD-SWAP-LIN,-0.000117,2025-05-04 02:00:24,2025-05-04 02:16:25
LAYER-USD-SWAP-LIN,-0.00015,2025-05-04 03:00:24,2025-05-04 03:37:25
LAYER-USD-SWAP-LIN,-0.000157,2025-05-04 04:00:25,2025-05-04 04:44:22
LAYER-USD-SWAP-LIN,-9.5e-05,2025-05-04 05:00:25,2025-05-04 05:39:06
LAYER-USD-SWAP-LIN,-0.000179,2025-05-04 06:00:25,2025-05-04 06:47:49
LAYER-USD-SWAP-LIN,-0.000191,2025-05-04 07:00:25,2025-05-04 07:37:22
LAYER-USD-SWAP-LIN,-2.7e-05,2025-05-04 08:00:23,2025-05-04 08:44:00
LAYER-USD-SWAP-LIN,-6.6e-05,2025-05-04 09:00:22,2025-05-04 09:38:57
LDO-USD-SWAP-LIN,-3.6e-05,2025-05-04 02:00:06,2025-05-04 02:01:08
LDO-USD-SWAP-LIN,-3.8e-05,2025-05-04 03:00:08,2025-05-04 03:22:05
LDO-USD-SWAP-LIN,-3.7e-05,2025-05-04 04:00:05,2025-05-04 04:29:02
LDO-USD-SWAP-LIN,-5e-05,2025-05-04 05:00:05,2025-05-04 05:23:44
LDO-USD-SWAP-LIN,-4e-05,2025-05-04 06:00:05,2025-05-04 06:32:32
LDO-USD-SWAP-LIN,-2.3e-05,2025-05-04 07:00:05,2025-05-04 07:22:01
LDO-USD-SWAP-LIN,-4.1e-05,2025-05-04 08:00:05,2025-05-04 08:28:36
LDO-USD-SWAP-LIN,-4.2e-05,2025-05-04 09:00:06,2025-05-04 09:23:33
LINK-USD-SWAP-LIN,-2e-05,2025-05-04 01:00:04,2025-05-04 01:59:42
LINK-USD-SWAP-LIN,-3.3e-05,2025-05-04 03:00:06,2025-05-04 03:20:38
LINK-USD-SWAP-LIN,-2.7e-05,2025-05-04 04:00:04,2025-05-04 04:27:35
LINK-USD-SWAP-LIN,-2.7e-05,2025-05-04 05:00:03,2025-05-04 05:22:18
LINK-USD-SWAP-LIN,-1.9e-05,2025-05-04 06:00:03,2025-05-04 06:31:03
LINK-USD-SWAP-LIN,-2.1e-05,2025-05-04 07:00:03,2025-05-04 07:20:35
LINK-USD-SWAP-LIN,-2.1e-05,2025-05-04 08:00:04,2025-05-04 08:27:10
LINK-USD-SWAP-LIN,-2.5e-05,2025-05-04 09:00:04,2025-05-04 09:22:07
LMT-USD-SWAP-LIN,2e-05,2025-05-04 02:00:22,2025-05-04 02:14:51
LMT-USD-SWAP-LIN,2.5e-05,2025-05-04 03:00:22,2025-05-04 03:35:50
LMT-USD-SWAP-LIN,5e-05,2025-05-04 04:00:23,2025-05-04 04:42:47
LMT-USD-SWAP-LIN,4.2e-05,2025-05-04 05:00:24,2025-05-04 05:37:32
LMT-USD-SWAP-LIN,6.5e-05,2025-05-04 06:00:23,2025-05-04 06:46:16
LMT-USD-SWAP-LIN,1.2e-05,2025-05-04 07:00:21,2025-05-04 07:35:47
LMT-USD-SWAP-LIN,4.1e-05,2025-05-04 08:00:21,2025-05-04 08:42:25
LMT-USD-SWAP-LIN,1.1e-05,2025-05-04 09:00:21,2025-05-04 09:37:23
LOFI-USD-SWAP-LIN,-0.000277,2025-05-04 02:00:23,2025-05-04 02:15:41
LOFI-USD-SWAP-LIN,-0.0004,2025-05-04 03:00:23,2025-05-04 03:36:41
LOFI-USD-SWAP-LIN,-0.000386,2025-05-04 04:00:24,2025-05-04 04:43:39
LOFI-USD-SWAP-LIN,-0.000391,2025-05-04 05:00:25,2025-05-04 05:38:22
LOFI-USD-SWAP-LIN,-0.000392,2025-05-04 06:00:24,2025-05-04 06:47:07
LOFI-USD-SWAP-LIN,-0.000367,2025-05-04 07:00:24,2025-05-04 07:36:38
LOFI-USD-SWAP-LIN,-0.000376,2025-05-04 08:00:22,2025-05-04 08:43:16
LOFI-USD-SWAP-LIN,-0.000388,2025-05-04 09:00:22,2025-05-04 09:38:14
LTC-USD-SWAP-LIN,-1.9e-05,2025-05-04 01:00:04,2025-05-04 01:59:20
LTC-USD-SWAP-LIN,-2.2e-05,2025-05-04 03:00:06,2025-05-04 03:20:16
LTC-USD-SWAP-LIN,-2.4e-05,2025-05-04 04:00:04,2025-05-04 04:27:13
LTC-USD-SWAP-LIN,-2.3e-05,2025-05-04 05:00:03,2025-05-04 05:21:56
LTC-USD-SWAP-LIN,-2.2e-05,2025-05-04 06:00:03,2025-05-04 06:30:42
LTC-USD-SWAP-LIN,-2.4e-05,2025-05-04 07:00:03,2025-05-04 07:20:13
LTC-USD-SWAP-LIN,-2.6e-05,2025-05-04 08:00:04,2025-05-04 08:26:48
LTC-USD-SWAP-LIN,-2.6e-05,2025-05-04 09:00:04,2025-05-04 09:21:45
LUCE-USD-SWAP-LIN,3.1e-05,2025-05-04 02:00:16,2025-05-04 02:09:23
LUCE-USD-SWAP-LIN,-6e-06,2025-05-04 03:00:17,2025-05-04 03:30:21
LUCE-USD-SWAP-LIN,2.6e-05,2025-05-04 04:00:17,2025-05-04 04:37:18
LUCE-USD-SWAP-LIN,2.7e-05,2025-05-04 05:00:18,2025-05-04 05:32:02
LUCE-USD-SWAP-LIN,1.9e-05,2025-05-04 06:00:15,2025-05-04 06:40:49
LUCE-USD-SWAP-LIN,2.5e-05,2025-05-04 07:00:15,2025-05-04 07:30:18
LUCE-USD-SWAP-LIN,2.3e-05,2025-05-04 08:00:15,2025-05-04 08:36:56
LUCE-USD-SWAP-LIN,2.1e-05,2025-05-04 09:00:15,2025-05-04 09:31:53
LUMIA-USD-SWAP-LIN,-8e-06,2025-05-04 02:00:17,2025-05-04 02:10:42
LUMIA-USD-SWAP-LIN,1e-06,2025-05-04 03:00:18,2025-05-04 03:31:40
LUMIA-USD-SWAP-LIN,1.4e-05,2025-05-04 04:00:18,2025-05-04 04:38:38
LUMIA-USD-SWAP-LIN,1.2e-05,2025-05-04 05:00:19,2025-05-04 05:33:21
LUMIA-USD-SWAP-LIN,3.5e-05,2025-05-04 06:00:16,2025-05-04 06:42:08
LUMIA-USD-SWAP-LIN,4e-05,2025-05-04 07:00:16,2025-05-04 07:31:38
LUMIA-USD-SWAP-LIN,1.1e-05,2025-05-04 08:00:16,2025-05-04 08:38:16
LUMIA-USD-SWAP-LIN,1.1e-05,2025-05-04 09:00:16,2025-05-04 09:33:13
LUNA-USD-SWAP-LIN,-1e-06,2025-05-04 02:00:06,2025-05-04 02:01:15
LUNA-USD-SWAP-LIN,-1e-06,2025-05-04 03:00:08,2025-05-04 03:22:13
LUNA-USD-SWAP-LIN,0.0,2025-05-04 04:00:05,2025-05-04 04:29:09
LUNA-USD-SWAP-LIN,1e-06,2025-05-04 05:00:05,2025-05-04 05:23:51
LUNA-USD-SWAP-LIN,-2e-06,2025-05-04 06:00:05,2025-05-04 06:32:39
LUNA-USD-SWAP-LIN,1.9e-05,2025-05-04 07:00:05,2025-05-04 07:22:09
LUNA-USD-SWAP-LIN,1e-06,2025-05-04 08:00:05,2025-05-04 08:28:43
LUNA-USD-SWAP-LIN,2e-06,2025-05-04 09:00:06,2025-05-04 09:23:40
LUNAVIRTUALS-USD-SWAP-LIN,2.8e-05,2025-05-04 02:00:16,2025-05-04 02:09:30
LUNAVIRTUALS-USD-SWAP-LIN,3.5e-05,2025-05-04 03:00:17,2025-05-04 03:30:29
LUNAVIRTUALS-USD-SWAP-LIN,2.2e-05,2025-05-04 04:00:17,2025-05-04 04:37:26
LUNAVIRTUALS-USD-SWAP-LIN,3.7e-05,2025-05-04 05:00:18,2025-05-04 05:32:09
LUNAVIRTUALS-USD-SWAP-LIN,3.5e-05,2025-05-04 06:00:15,2025-05-04 06:40:56
LUNAVIRTUALS-USD-SWAP-LIN,2.9e-05,2025-05-04 07:00:15,2025-05-04 07:30:25
LUNAVIRTUALS-USD-SWAP-LIN,2.1e-05,2025-05-04 08:00:15,2025-05-04 08:37:03
LUNAVIRTUALS-USD-SWAP-LIN,3.1e-05,2025-05-04 09:00:15,2025-05-04 09:32:00
LetsBONK-USD-SWAP-LIN,-1.4e-05,2025-05-04 02:00:27,2025-05-04 02:18:27
LetsBONK-USD-SWAP-LIN,-2.4e-05,2025-05-04 03:00:27,2025-05-04 03:39:29
LetsBONK-USD-SWAP-LIN,-2.7e-05,2025-05-04 04:00:28,2025-05-04 04:46:24
LetsBONK-USD-SWAP-LIN,-2e-05,2025-05-04 05:00:29,2025-05-04 05:41:10
LetsBONK-USD-SWAP-LIN,-1e-05,2025-05-04 06:00:28,2025-05-04 06:49:51
LetsBONK-USD-SWAP-LIN,-1.8e-05,2025-05-04 07:00:28,2025-05-04 07:39:26
LetsBONK-USD-SWAP-LIN,-1.7e-05,2025-05-04 08:00:29,2025-05-04 08:46:03
LetsBONK-USD-SWAP-LIN,-2e-05,2025-05-04 09:00:25,2025-05-04 09:41:00
MANEKI-USD-SWAP-LIN,3e-06,2025-05-04 02:00:11,2025-05-04 02:03:59
MANEKI-USD-SWAP-LIN,1.6e-05,2025-05-04 03:00:12,2025-05-04 03:24:57
MANEKI-USD-SWAP-LIN,-1.1e-05,2025-05-04 04:00:11,2025-05-04 04:31:55
MANEKI-USD-SWAP-LIN,3.5e-05,2025-05-04 05:00:09,2025-05-04 05:26:36
MANEKI-USD-SWAP-LIN,-1.5e-05,2025-05-04 06:00:09,2025-05-04 06:35:25
MANEKI-USD-SWAP-LIN,4.1e-05,2025-05-04 07:00:09,2025-05-04 07:24:53
MANEKI-USD-SWAP-LIN,-5.6e-05,2025-05-04 08:00:10,2025-05-04 08:31:30
MANEKI-USD-SWAP-LIN,-3.3e-05,2025-05-04 09:00:10,2025-05-04 09:26:27
MANTA-USD-SWAP-LIN,-1.8e-05,2025-05-04 02:00:05,2025-05-04 02:00:10
MANTA-USD-SWAP-LIN,-4.5e-05,2025-05-04 03:00:07,2025-05-04 03:21:07
MANTA-USD-SWAP-LIN,-4.2e-05,2025-05-04 04:00:04,2025-05-04 04:28:04
MANTA-USD-SWAP-LIN,-2.6e-05,2025-05-04 05:00:04,2025-05-04 05:22:46
MANTA-USD-SWAP-LIN,-9e-06,2025-05-04 06:00:04,2025-05-04 06:31:33
MANTA-USD-SWAP-LIN,-7e-06,2025-05-04 07:00:04,2025-05-04 07:21:04
MANTA-USD-SWAP-LIN,-3.7e-05,2025-05-04 08:00:05,2025-05-04 08:27:37
MANTA-USD-SWAP-LIN,-4.3e-05,2025-05-04 09:00:05,2025-05-04 09:22:36
MAV-USD-SWAP-LIN,3e-06,2025-05-04 02:00:17,2025-05-04 02:10:10
MAV-USD-SWAP-LIN,5e-06,2025-05-04 03:00:18,2025-05-04 03:31:08
MAV-USD-SWAP-LIN,2e-06,2025-05-04 04:00:18,2025-05-04 04:38:05
MAV-USD-SWAP-LIN,2e-06,2025-05-04 05:00:19,2025-05-04 05:32:49
MAV-USD-SWAP-LIN,-2.3e-05,2025-05-04 06:00:15,2025-05-04 06:41:35
MAV-USD-SWAP-LIN,4e-06,2025-05-04 07:00:16,2025-05-04 07:31:05
MAV-USD-SWAP-LIN,1.2e-05,2025-05-04 08:00:16,2025-05-04 08:37:44
MAV-USD-SWAP-LIN,7e-06,2025-05-04 09:00:16,2025-05-04 09:32:40
ME-USD-SWAP-LIN,-4e-06,2025-05-04 02:00:20,2025-05-04 02:13:24
ME-USD-SWAP-LIN,-4e-06,2025-05-04 03:00:21,2025-05-04 03:34:23
ME-USD-SWAP-LIN,-4e-06,2025-05-04 04:00:21,2025-05-04 04:41:21
ME-USD-SWAP-LIN,-4e-06,2025-05-04 05:00:22,2025-05-04 05:36:05
ME-USD-SWAP-LIN,-2e-05,2025-05-04 06:00:21,2025-05-04 06:44:48
ME-USD-SWAP-LIN,2e-06,2025-05-04 07:00:19,2025-05-04 07:34:21
ME-USD-SWAP-LIN,-4e-06,2025-05-04 08:00:20,2025-05-04 08:40:59
ME-USD-SWAP-LIN,-2e-06,2025-05-04 09:00:19,2025-05-04 09:35:56
MELANIA-USD-SWAP-LIN,-2.3e-05,2025-05-04 02:00:23,2025-05-04 02:15:23
MELANIA-USD-SWAP-LIN,-2.4e-05,2025-05-04 03:00:23,2025-05-04 03:36:23
MELANIA-USD-SWAP-LIN,-2.4e-05,2025-05-04 04:00:23,2025-05-04 04:43:20
MELANIA-USD-SWAP-LIN,-2.6e-05,2025-05-04 05:00:24,2025-05-04 05:38:04
MELANIA-USD-SWAP-LIN,-1.6e-05,2025-05-04 06:00:24,2025-05-04 06:46:49
MELANIA-USD-SWAP-LIN,-2.6e-05,2025-05-04 07:00:23,2025-05-04 07:36:20
MELANIA-USD-SWAP-LIN,-2.4e-05,2025-05-04 08:00:22,2025-05-04 08:42:58
MELANIA-USD-SWAP-LIN,-2.4e-05,2025-05-04 09:00:21,2025-05-04 09:37:56
MEME-USD-SWAP-LIN,-2e-05,2025-05-04 02:00:10,2025-05-04 02:03:17
MEME-USD-SWAP-LIN,-2.8e-05,2025-05-04 03:00:11,2025-05-04 03:24:14
MEME-USD-SWAP-LIN,-2e-05,2025-05-04 04:00:11,2025-05-04 04:31:12
MEME-USD-SWAP-LIN,-1.9e-05,2025-05-04 05:00:09,2025-05-04 05:25:53
MEME-USD-SWAP-LIN,-3.3e-05,2025-05-04 06:00:08,2025-05-04 06:34:41
MEME-USD-SWAP-LIN,-3.4e-05,2025-05-04 07:00:09,2025-05-04 07:24:10
MEME-USD-SWAP-LIN,-3.2e-05,2025-05-04 08:00:09,2025-05-04 08:30:46
MEME-USD-SWAP-LIN,-3.1e-05,2025-05-04 09:00:09,2025-05-04 09:25:43
MERL-USD-SWAP-LIN,-2e-06,2025-05-04 02:00:20,2025-05-04 02:12:56
MERL-USD-SWAP-LIN,-2e-06,2025-05-04 03:00:20,2025-05-04 03:33:54
MERL-USD-SWAP-LIN,0.0,2025-05-04 04:00:21,2025-05-04 04:40:52
MERL-USD-SWAP-LIN,-5e-06,2025-05-04 05:00:21,2025-05-04 05:35:35
MERL-USD-SWAP-LIN,1.9e-05,2025-05-04 06:00:20,2025-05-04 06:44:20
MERL-USD-SWAP-LIN,4e-06,2025-05-04 07:00:18,2025-05-04 07:33:53
MERL-USD-SWAP-LIN,-5e-06,2025-05-04 08:00:19,2025-05-04 08:40:30
MERL-USD-SWAP-LIN,-2e-06,2025-05-04 09:00:19,2025-05-04 09:35:26
MEW-USD-SWAP-LIN,-1e-06,2025-05-04 02:00:10,2025-05-04 02:03:10
MEW-USD-SWAP-LIN,0.0,2025-05-04 03:00:11,2025-05-04 03:24:07
MEW-USD-SWAP-LIN,2e-06,2025-05-04 04:00:11,2025-05-04 04:31:04
MEW-USD-SWAP-LIN,4e-06,2025-05-04 05:00:08,2025-05-04 05:25:46
MEW-USD-SWAP-LIN,1e-05,2025-05-04 06:00:08,2025-05-04 06:34:34
MEW-USD-SWAP-LIN,0.0,2025-05-04 07:00:09,2025-05-04 07:24:03
MEW-USD-SWAP-LIN,1e-06,2025-05-04 08:00:09,2025-05-04 08:30:38
MEW-USD-SWAP-LIN,2e-06,2025-05-04 09:00:09,2025-05-04 09:25:36
MICHI-USD-SWAP-LIN,0.000135,2025-05-04 02:00:13,2025-05-04 02:05:25
MICHI-USD-SWAP-LIN,0.000129,2025-05-04 03:00:13,2025-05-04 03:26:23
MICHI-USD-SWAP-LIN,0.000145,2025-05-04 04:00:13,2025-05-04 04:33:22
MICHI-USD-SWAP-LIN,0.000131,2025-05-04 05:00:11,2025-05-04 05:28:04
MICHI-USD-SWAP-LIN,0.000142,2025-05-04 06:00:10,2025-05-04 06:36:52
MICHI-USD-SWAP-LIN,0.000149,2025-05-04 07:00:11,2025-05-04 07:26:21
MICHI-USD-SWAP-LIN,0.000123,2025-05-04 08:00:11,2025-05-04 08:32:56
MICHI-USD-SWAP-LIN,0.000131,2025-05-04 09:00:11,2025-05-04 09:27:55
MIGGLES-USD-SWAP-LIN,8e-05,2025-05-04 02:00:14,2025-05-04 02:06:24
MIGGLES-USD-SWAP-LIN,8.2e-05,2025-05-04 03:00:15,2025-05-04 03:27:22
MIGGLES-USD-SWAP-LIN,8.3e-05,2025-05-04 04:00:14,2025-05-04 04:34:19
MIGGLES-USD-SWAP-LIN,8.4e-05,2025-05-04 05:00:15,2025-05-04 05:29:02
MIGGLES-USD-SWAP-LIN,7.9e-05,2025-05-04 06:00:12,2025-05-04 06:37:49
MIGGLES-USD-SWAP-LIN,9.2e-05,2025-05-04 07:00:12,2025-05-04 07:27:19
MIGGLES-USD-SWAP-LIN,8.9e-05,2025-05-04 08:00:13,2025-05-04 08:33:55
MIGGLES-USD-SWAP-LIN,7.3e-05,2025-05-04 09:00:12,2025-05-04 09:28:52
MITCH-USD-SWAP-LIN,2e-06,2025-05-04 02:00:17,2025-05-04 02:09:45
MITCH-USD-SWAP-LIN,0.0,2025-05-04 03:00:17,2025-05-04 03:30:43
MITCH-USD-SWAP-LIN,-2e-06,2025-05-04 04:00:17,2025-05-04 04:37:40
MITCH-USD-SWAP-LIN,1.7e-05,2025-05-04 05:00:18,2025-05-04 05:32:24
MITCH-USD-SWAP-LIN,0.0,2025-05-04 06:00:15,2025-05-04 06:41:11
MITCH-USD-SWAP-LIN,-1e-06,2025-05-04 07:00:15,2025-05-04 07:30:40
MITCH-USD-SWAP-LIN,-6e-06,2025-05-04 08:00:16,2025-05-04 08:37:18
MITCH-USD-SWAP-LIN,2e-06,2025-05-04 09:00:16,2025-05-04 09:32:14
MKR-USD-SWAP-LIN,-3.6e-05,2025-05-04 02:00:06,2025-05-04 02:01:04
MKR-USD-SWAP-LIN,-3.9e-05,2025-05-04 03:00:07,2025-05-04 03:22:02
MKR-USD-SWAP-LIN,-4e-05,2025-05-04 04:00:05,2025-05-04 04:28:58
MKR-USD-SWAP-LIN,-3.7e-05,2025-05-04 05:00:05,2025-05-04 05:23:40
MKR-USD-SWAP-LIN,-3.6e-05,2025-05-04 06:00:05,2025-05-04 06:32:28
MKR-USD-SWAP-LIN,-3.1e-05,2025-05-04 07:00:05,2025-05-04 07:21:58
MKR-USD-SWAP-LIN,-3.9e-05,2025-05-04 08:00:05,2025-05-04 08:28:32
MKR-USD-SWAP-LIN,-4.1e-05,2025-05-04 09:00:05,2025-05-04 09:23:29
MONKY-USD-SWAP-LIN,-8e-06,2025-05-04 02:00:21,2025-05-04 02:13:46
MONKY-USD-SWAP-LIN,3e-06,2025-05-04 03:00:21,2025-05-04 03:34:44
MONKY-USD-SWAP-LIN,-3e-06,2025-05-04 04:00:22,2025-05-04 04:41:42
MONKY-USD-SWAP-LIN,3e-06,2025-05-04 05:00:22,2025-05-04 05:36:26
MONKY-USD-SWAP-LIN,-7e-06,2025-05-04 06:00:22,2025-05-04 06:45:10
MONKY-USD-SWAP-LIN,-8e-06,2025-05-04 07:00:19,2025-05-04 07:34:42
MONKY-USD-SWAP-LIN,5e-06,2025-05-04 08:00:20,2025-05-04 08:41:20
MONKY-USD-SWAP-LIN,-5e-06,2025-05-04 09:00:20,2025-05-04 09:36:18
MOODENG-USD-SWAP-LIN,0.0,2025-05-04 02:00:15,2025-05-04 02:08:11
MOODENG-USD-SWAP-LIN,1e-06,2025-05-04 03:00:16,2025-05-04 03:29:10
MOODENG-USD-SWAP-LIN,3e-06,2025-05-04 04:00:16,2025-05-04 04:36:06
MOODENG-USD-SWAP-LIN,-1e-06,2025-05-04 05:00:16,2025-05-04 05:30:49
MOODENG-USD-SWAP-LIN,-1e-06,2025-05-04 06:00:13,2025-05-04 06:39:37
MOODENG-USD-SWAP-LIN,2e-06,2025-05-04 07:00:13,2025-05-04 07:29:06
MOODENG-USD-SWAP-LIN,0.0,2025-05-04 08:00:14,2025-05-04 08:35:43
MOODENG-USD-SWAP-LIN,4e-06,2025-05-04 09:00:14,2025-05-04 09:30:40
MOODENGETH-USD-SWAP-LIN,5e-06,2025-05-04 02:00:21,2025-05-04 02:14:04
MOODENGETH-USD-SWAP-LIN,-3e-06,2025-05-04 03:00:22,2025-05-04 03:35:02
MOODENGETH-USD-SWAP-LIN,1.2e-05,2025-05-04 04:00:22,2025-05-04 04:42:00
MOODENGETH-USD-SWAP-LIN,-8e-06,2025-05-04 05:00:23,2025-05-04 05:36:45
MOODENGETH-USD-SWAP-LIN,3.7e-05,2025-05-04 06:00:22,2025-05-04 06:45:28
MOODENGETH-USD-SWAP-LIN,2e-05,2025-05-04 07:00:20,2025-05-04 07:35:00
MOODENGETH-USD-SWAP-LIN,3e-06,2025-05-04 08:00:20,2025-05-04 08:41:38
MOODENGETH-USD-SWAP-LIN,-4.1e-05,2025-05-04 09:00:20,2025-05-04 09:36:36
MOONKIN-USD-SWAP-LIN,-0.000144,2025-05-04 02:00:27,2025-05-04 02:18:16
MOONKIN-USD-SWAP-LIN,-0.000127,2025-05-04 03:00:27,2025-05-04 03:39:18
MOONKIN-USD-SWAP-LIN,-0.000138,2025-05-04 04:00:28,2025-05-04 04:46:13
MOONKIN-USD-SWAP-LIN,-7.8e-05,2025-05-04 05:00:29,2025-05-04 05:40:59
MOONKIN-USD-SWAP-LIN,-0.000111,2025-05-04 06:00:28,2025-05-04 06:49:40
MOONKIN-USD-SWAP-LIN,-0.000103,2025-05-04 07:00:28,2025-05-04 07:39:15
MOONKIN-USD-SWAP-LIN,-0.000243,2025-05-04 08:00:29,2025-05-04 08:45:52
MOONKIN-USD-SWAP-LIN,-0.000186,2025-05-04 09:00:25,2025-05-04 09:40:49
MOVE-USD-SWAP-LIN,-0.000655,2025-05-04 02:00:20,2025-05-04 02:13:07
MOVE-USD-SWAP-LIN,-0.000586,2025-05-04 03:00:21,2025-05-04 03:34:05
MOVE-USD-SWAP-LIN,-0.000573,2025-05-04 04:00:21,2025-05-04 04:41:03
MOVE-USD-SWAP-LIN,-0.000589,2025-05-04 05:00:22,2025-05-04 05:35:46
MOVE-USD-SWAP-LIN,-0.000515,2025-05-04 06:00:21,2025-05-04 06:44:31
MOVE-USD-SWAP-LIN,-0.000439,2025-05-04 07:00:19,2025-05-04 07:34:04
MOVE-USD-SWAP-LIN,-0.000416,2025-05-04 08:00:19,2025-05-04 08:40:41
MOVE-USD-SWAP-LIN,-0.000484,2025-05-04 09:00:19,2025-05-04 09:35:38
MUBARAK-USD-SWAP-LIN,-8e-06,2025-05-04 02:00:25,2025-05-04 02:17:09
MUBARAK-USD-SWAP-LIN,-1e-05,2025-05-04 03:00:25,2025-05-04 03:38:09
MUBARAK-USD-SWAP-LIN,-9e-06,2025-05-04 04:00:25,2025-05-04 04:45:04
MUBARAK-USD-SWAP-LIN,-7e-06,2025-05-04 05:00:26,2025-05-04 05:39:50
MUBARAK-USD-SWAP-LIN,-7e-06,2025-05-04 06:00:26,2025-05-04 06:48:32
MUBARAK-USD-SWAP-LIN,-7e-06,2025-05-04 07:00:26,2025-05-04 07:38:06
MUBARAK-USD-SWAP-LIN,-7e-06,2025-05-04 08:00:24,2025-05-04 08:44:44
MUBARAK-USD-SWAP-LIN,-7e-06,2025-05-04 09:00:23,2025-05-04 09:39:40
MURAD-USD-SWAP-LIN,3e-06,2025-05-04 02:00:17,2025-05-04 02:10:20
MURAD-USD-SWAP-LIN,2e-06,2025-05-04 03:00:18,2025-05-04 03:31:18
MURAD-USD-SWAP-LIN,6e-06,2025-05-04 04:00:18,2025-05-04 04:38:16
MURAD-USD-SWAP-LIN,0.0,2025-05-04 05:00:19,2025-05-04 05:33:00
MURAD-USD-SWAP-LIN,-1e-06,2025-05-04 06:00:16,2025-05-04 06:41:46
MURAD-USD-SWAP-LIN,6e-06,2025-05-04 07:00:16,2025-05-04 07:31:16
MURAD-USD-SWAP-LIN,0.0,2025-05-04 08:00:16,2025-05-04 08:37:55
MURAD-USD-SWAP-LIN,3e-06,2025-05-04 09:00:16,2025-05-04 09:32:52
MYRO-USD-SWAP-LIN,6e-06,2025-05-04 02:00:14,2025-05-04 02:06:09
MYRO-USD-SWAP-LIN,9e-06,2025-05-04 03:00:14,2025-05-04 03:27:07
MYRO-USD-SWAP-LIN,6e-06,2025-05-04 04:00:14,2025-05-04 04:34:04
MYRO-USD-SWAP-LIN,6e-06,2025-05-04 05:00:15,2025-05-04 05:28:48
MYRO-USD-SWAP-LIN,5e-06,2025-05-04 06:00:12,2025-05-04 06:37:35
MYRO-USD-SWAP-LIN,4e-06,2025-05-04 07:00:12,2025-05-04 07:27:04
MYRO-USD-SWAP-LIN,-1e-06,2025-05-04 08:00:12,2025-05-04 08:33:40
MYRO-USD-SWAP-LIN,5e-06,2025-05-04 09:00:12,2025-05-04 09:28:38
NEAR-USD-SWAP-LIN,-2.2e-05,2025-05-04 02:00:09,2025-05-04 02:02:44
NEAR-USD-SWAP-LIN,-2.4e-05,2025-05-04 03:00:11,2025-05-04 03:23:41
NEAR-USD-SWAP-LIN,-2.7e-05,2025-05-04 04:00:10,2025-05-04 04:30:39
NEAR-USD-SWAP-LIN,-1.7e-05,2025-05-04 05:00:08,2025-05-04 05:25:20
NEAR-USD-SWAP-LIN,-1.4e-05,2025-05-04 06:00:07,2025-05-04 06:34:09
NEAR-USD-SWAP-LIN,-2e-05,2025-05-04 07:00:08,2025-05-04 07:23:38
NEAR-USD-SWAP-LIN,-1.9e-05,2025-05-04 08:00:08,2025-05-04 08:30:13
NEAR-USD-SWAP-LIN,-1.7e-05,2025-05-04 09:00:08,2025-05-04 09:25:11
NEIROETH-USD-SWAP-LIN,4.4e-05,2025-05-04 02:00:14,2025-05-04 02:06:52
NEIROETH-USD-SWAP-LIN,6.8e-05,2025-05-04 03:00:15,2025-05-04 03:27:51
NEIROETH-USD-SWAP-LIN,6.3e-05,2025-05-04 04:00:15,2025-05-04 04:34:48
NEIROETH-USD-SWAP-LIN,6.6e-05,2025-05-04 05:00:15,2025-05-04 05:29:31
NEIROETH-USD-SWAP-LIN,6.6e-05,2025-05-04 06:00:12,2025-05-04 06:38:18
NEIROETH-USD-SWAP-LIN,7.5e-05,2025-05-04 07:00:12,2025-05-04 07:27:47
NEIROETH-USD-SWAP-LIN,8.5e-05,2025-05-04 08:00:13,2025-05-04 08:34:23
NEIROETH-USD-SWAP-LIN,5.4e-05,2025-05-04 09:00:13,2025-05-04 09:29:21
NIL-USD-SWAP-LIN,-3.7e-05,2025-05-04 02:00:25,2025-05-04 02:17:27
NIL-USD-SWAP-LIN,-4e-05,2025-05-04 03:00:25,2025-05-04 03:38:27
NIL-USD-SWAP-LIN,-3.6e-05,2025-05-04 04:00:26,2025-05-04 04:45:22
NIL-USD-SWAP-LIN,-4.2e-05,2025-05-04 05:00:27,2025-05-04 05:40:07
NIL-USD-SWAP-LIN,-3.2e-05,2025-05-04 06:00:27,2025-05-04 06:48:50
NIL-USD-SWAP-LIN,-4.3e-05,2025-05-04 07:00:26,2025-05-04 07:38:24
NIL-USD-SWAP-LIN,-3.5e-05,2025-05-04 08:00:25,2025-05-04 08:45:02
NIL-USD-SWAP-LIN,-3.5e-05,2025-05-04 09:00:24,2025-05-04 09:39:59
NOT-USD-SWAP-LIN,-5.5e-05,2025-05-04 02:00:13,2025-05-04 02:05:48
NOT-USD-SWAP-LIN,-5.2e-05,2025-05-04 03:00:14,2025-05-04 03:26:46
NOT-USD-SWAP-LIN,-4.8e-05,2025-05-04 04:00:14,2025-05-04 04:33:43
NOT-USD-SWAP-LIN,-5.5e-05,2025-05-04 05:00:14,2025-05-04 05:28:26
NOT-USD-SWAP-LIN,-4.8e-05,2025-05-04 06:00:11,2025-05-04 06:37:14
NOT-USD-SWAP-LIN,-4.6e-05,2025-05-04 07:00:11,2025-05-04 07:26:43
NOT-USD-SWAP-LIN,-2.7e-05,2025-05-04 08:00:12,2025-05-04 08:33:19
NOT-USD-SWAP-LIN,-2.7e-05,2025-05-04 09:00:12,2025-05-04 09:28:16
NPC-USD-SWAP-LIN,9e-06,2025-05-04 02:00:13,2025-05-04 02:05:59
NPC-USD-SWAP-LIN,6e-06,2025-05-04 03:00:14,2025-05-04 03:26:57
NPC-USD-SWAP-LIN,2e-06,2025-05-04 04:00:14,2025-05-04 04:33:53
NPC-USD-SWAP-LIN,6e-06,2025-05-04 05:00:14,2025-05-04 05:28:37
NPC-USD-SWAP-LIN,-1.6e-05,2025-05-04 06:00:12,2025-05-04 06:37:24
NPC-USD-SWAP-LIN,1.1e-05,2025-05-04 07:00:12,2025-05-04 07:26:53
NPC-USD-SWAP-LIN,8e-06,2025-05-04 08:00:12,2025-05-04 08:33:30
NPC-USD-SWAP-LIN,1.2e-05,2025-05-04 09:00:12,2025-05-04 09:28:27
OKB-USD-SWAP-LIN,3e-06,2025-05-04 02:00:11,2025-05-04 02:03:28
OKB-USD-SWAP-LIN,-2e-06,2025-05-04 03:00:12,2025-05-04 03:24:25
OKB-USD-SWAP-LIN,1e-06,2025-05-04 04:00:11,2025-05-04 04:31:23
OKB-USD-SWAP-LIN,1.1e-05,2025-05-04 05:00:09,2025-05-04 05:26:04
OKB-USD-SWAP-LIN,-2e-06,2025-05-04 06:00:09,2025-05-04 06:34:52
OKB-USD-SWAP-LIN,-3e-06,2025-05-04 07:00:09,2025-05-04 07:24:21
OKB-USD-SWAP-LIN,5e-06,2025-05-04 08:00:09,2025-05-04 08:30:56
OKB-USD-SWAP-LIN,-1e-06,2025-05-04 09:00:09,2025-05-04 09:25:54
OM-USD-SWAP-LIN,-2.3e-05,2025-05-04 02:00:11,2025-05-04 02:04:10
OM-USD-SWAP-LIN,-2.5e-05,2025-05-04 03:00:12,2025-05-04 03:25:08
OM-USD-SWAP-LIN,-2.3e-05,2025-05-04 04:00:12,2025-05-04 04:32:06
OM-USD-SWAP-LIN,-2.2e-05,2025-05-04 05:00:09,2025-05-04 05:26:48
OM-USD-SWAP-LIN,-6e-06,2025-05-04 06:00:09,2025-05-04 06:35:36
OM-USD-SWAP-LIN,-2.2e-05,2025-05-04 07:00:10,2025-05-04 07:25:04
OM-USD-SWAP-LIN,-2.3e-05,2025-05-04 08:00:10,2025-05-04 08:31:40
OM-USD-SWAP-LIN,-2.1e-05,2025-05-04 09:00:10,2025-05-04 09:26:38
ONDO-USD-SWAP-LIN,3e-06,2025-05-04 02:00:09,2025-05-04 02:02:24
ONDO-USD-SWAP-LIN,5e-06,2025-05-04 03:00:10,2025-05-04 03:23:21
ONDO-USD-SWAP-LIN,7e-06,2025-05-04 04:00:09,2025-05-04 04:30:17
ONDO-USD-SWAP-LIN,5e-06,2025-05-04 05:00:07,2025-05-04 05:24:59
ONDO-USD-SWAP-LIN,5e-06,2025-05-04 06:00:07,2025-05-04 06:33:47
ONDO-USD-SWAP-LIN,1.7e-05,2025-05-04 07:00:07,2025-05-04 07:23:17
ONDO-USD-SWAP-LIN,7e-06,2025-05-04 08:00:08,2025-05-04 08:29:52
ONDO-USD-SWAP-LIN,5e-06,2025-05-04 09:00:08,2025-05-04 09:24:49
OP-USD-SWAP-LIN,-6e-06,2025-05-04 01:00:04,2025-05-04 01:59:24
OP-USD-SWAP-LIN,-1.9e-05,2025-05-04 03:00:06,2025-05-04 03:20:20
OP-USD-SWAP-LIN,-9e-06,2025-05-04 04:00:04,2025-05-04 04:27:17
OP-USD-SWAP-LIN,-1e-05,2025-05-04 05:00:03,2025-05-04 05:22:00
OP-USD-SWAP-LIN,-1.1e-05,2025-05-04 06:00:03,2025-05-04 06:30:45
OP-USD-SWAP-LIN,-1e-06,2025-05-04 07:00:03,2025-05-04 07:20:17
OP-USD-SWAP-LIN,-2e-05,2025-05-04 08:00:04,2025-05-04 08:26:51
OP-USD-SWAP-LIN,-2.1e-05,2025-05-04 09:00:04,2025-05-04 09:21:49
ORCA-USD-SWAP-LIN,-9.9e-05,2025-05-04 02:00:20,2025-05-04 02:13:20
ORCA-USD-SWAP-LIN,-4.3e-05,2025-05-04 03:00:21,2025-05-04 03:34:19
ORCA-USD-SWAP-LIN,-6.7e-05,2025-05-04 04:00:21,2025-05-04 04:41:17
ORCA-USD-SWAP-LIN,-8.8e-05,2025-05-04 05:00:22,2025-05-04 05:36:01
ORCA-USD-SWAP-LIN,-5.1e-05,2025-05-04 06:00:21,2025-05-04 06:44:45
ORCA-USD-SWAP-LIN,-8.3e-05,2025-05-04 07:00:19,2025-05-04 07:34:17
ORCA-USD-SWAP-LIN,-5.4e-05,2025-05-04 08:00:19,2025-05-04 08:40:55
ORCA-USD-SWAP-LIN,-7.9e-05,2025-05-04 09:00:19,2025-05-04 09:35:53
ORDER-USD-SWAP-LIN,-3e-06,2025-05-04 02:00:14,2025-05-04 02:07:28
ORDER-USD-SWAP-LIN,4e-06,2025-05-04 03:00:15,2025-05-04 03:28:26
ORDER-USD-SWAP-LIN,-1e-06,2025-05-04 04:00:15,2025-05-04 04:35:23
ORDER-USD-SWAP-LIN,6e-06,2025-05-04 05:00:16,2025-05-04 05:30:06
ORDER-USD-SWAP-LIN,2e-06,2025-05-04 06:00:13,2025-05-04 06:38:54
ORDER-USD-SWAP-LIN,6e-06,2025-05-04 07:00:13,2025-05-04 07:28:22
ORDER-USD-SWAP-LIN,2e-06,2025-05-04 08:00:14,2025-05-04 08:34:59
ORDER-USD-SWAP-LIN,-6e-06,2025-05-04 09:00:13,2025-05-04 09:29:56
ORDI-USD-SWAP-LIN,-3e-05,2025-05-04 01:00:04,2025-05-04 01:59:49
ORDI-USD-SWAP-LIN,-2.3e-05,2025-05-04 03:00:06,2025-05-04 03:20:45
ORDI-USD-SWAP-LIN,-1.4e-05,2025-05-04 04:00:04,2025-05-04 04:27:42
ORDI-USD-SWAP-LIN,-1.9e-05,2025-05-04 05:00:03,2025-05-04 05:22:25
ORDI-USD-SWAP-LIN,-1.7e-05,2025-05-04 06:00:03,2025-05-04 06:31:12
ORDI-USD-SWAP-LIN,-1.1e-05,2025-05-04 07:00:03,2025-05-04 07:20:43
ORDI-USD-SWAP-LIN,-2.1e-05,2025-05-04 08:00:04,2025-05-04 08:27:16
ORDI-USD-SWAP-LIN,-2.2e-05,2025-05-04 09:00:04,2025-05-04 09:22:14
OX-USD-SWAP-LIN,0.001,2025-05-04 01:00:00,2025-05-04 01:58:51
OX-USD-SWAP-LIN,-0.001,2025-05-04 03:00:00,2025-05-04 03:19:48
OX-USD-SWAP-LIN,-0.000386,2025-05-04 04:00:00,2025-05-04 04:26:45
OX-USD-SWAP-LIN,0.0,2025-05-04 05:00:00,2025-05-04 05:21:28
OX-USD-SWAP-LIN,0.0,2025-05-04 06:00:00,2025-05-04 06:30:13
OX-USD-SWAP-LIN,0.0,2025-05-04 07:00:00,2025-05-04 07:19:45
OX-USD-SWAP-LIN,0.00049,2025-05-04 08:00:00,2025-05-04 08:26:19
OX-USD-SWAP-LIN,0.001,2025-05-04 09:00:00,2025-05-04 09:21:17
PAAL-USD-SWAP-LIN,1.9e-05,2025-05-04 02:00:12,2025-05-04 02:04:46
PAAL-USD-SWAP-LIN,2.2e-05,2025-05-04 03:00:12,2025-05-04 03:25:44
PAAL-USD-SWAP-LIN,2.9e-05,2025-05-04 04:00:12,2025-05-04 04:32:42
PAAL-USD-SWAP-LIN,2.2e-05,2025-05-04 05:00:10,2025-05-04 05:27:24
PAAL-USD-SWAP-LIN,1.9e-05,2025-05-04 06:00:10,2025-05-04 06:36:12
PAAL-USD-SWAP-LIN,3.1e-05,2025-05-04 07:00:10,2025-05-04 07:25:41
PAAL-USD-SWAP-LIN,2.7e-05,2025-05-04 08:00:11,2025-05-04 08:32:17
PAAL-USD-SWAP-LIN,2.5e-05,2025-05-04 09:00:10,2025-05-04 09:27:15
PANGBOY-USD-SWAP-LIN,-2e-06,2025-05-04 02:00:17,2025-05-04 02:10:56
PANGBOY-USD-SWAP-LIN,2e-06,2025-05-04 03:00:18,2025-05-04 03:31:54
PANGBOY-USD-SWAP-LIN,-1.2e-05,2025-05-04 04:00:18,2025-05-04 04:38:53
PANGBOY-USD-SWAP-LIN,5e-06,2025-05-04 05:00:19,2025-05-04 05:33:36
PANGBOY-USD-SWAP-LIN,0.0,2025-05-04 06:00:16,2025-05-04 06:42:22
PANGBOY-USD-SWAP-LIN,5e-06,2025-05-04 07:00:16,2025-05-04 07:31:52
PANGBOY-USD-SWAP-LIN,0.0,2025-05-04 08:00:17,2025-05-04 08:38:31
PANGBOY-USD-SWAP-LIN,8e-06,2025-05-04 09:00:16,2025-05-04 09:33:28
PAXG-USD-SWAP-LIN,3e-06,2025-05-04 02:00:12,2025-05-04 02:04:39
PAXG-USD-SWAP-LIN,-8e-06,2025-05-04 03:00:12,2025-05-04 03:25:37
PAXG-USD-SWAP-LIN,4e-06,2025-05-04 04:00:12,2025-05-04 04:32:35
PAXG-USD-SWAP-LIN,7e-06,2025-05-04 05:00:10,2025-05-04 05:27:17
PAXG-USD-SWAP-LIN,-2e-06,2025-05-04 06:00:09,2025-05-04 06:36:05
PAXG-USD-SWAP-LIN,-1e-06,2025-05-04 07:00:10,2025-05-04 07:25:34
PAXG-USD-SWAP-LIN,3e-06,2025-05-04 08:00:11,2025-05-04 08:32:10
PAXG-USD-SWAP-LIN,0.0,2025-05-04 09:00:10,2025-05-04 09:27:08
PEAS-USD-SWAP-LIN,1e-06,2025-05-04 02:00:20,2025-05-04 02:12:45
PEAS-USD-SWAP-LIN,2e-06,2025-05-04 03:00:20,2025-05-04 03:33:43
PEAS-USD-SWAP-LIN,1e-06,2025-05-04 04:00:20,2025-05-04 04:40:41
PEAS-USD-SWAP-LIN,-2e-06,2025-05-04 05:00:21,2025-05-04 05:35:24
PEAS-USD-SWAP-LIN,-2e-06,2025-05-04 06:00:20,2025-05-04 06:44:09
PEAS-USD-SWAP-LIN,2e-06,2025-05-04 07:00:18,2025-05-04 07:33:42
PEAS-USD-SWAP-LIN,-1e-06,2025-05-04 08:00:19,2025-05-04 08:40:19
PEAS-USD-SWAP-LIN,0.0,2025-05-04 09:00:18,2025-05-04 09:35:15
PENDLE-USD-SWAP-LIN,-1.3e-05,2025-05-04 02:00:06,2025-05-04 02:00:57
PENDLE-USD-SWAP-LIN,-2.7e-05,2025-05-04 03:00:07,2025-05-04 03:21:55
PENDLE-USD-SWAP-LIN,-1.7e-05,2025-05-04 04:00:05,2025-05-04 04:28:51
PENDLE-USD-SWAP-LIN,-1.9e-05,2025-05-04 05:00:04,2025-05-04 05:23:33
PENDLE-USD-SWAP-LIN,-1e-05,2025-05-04 06:00:04,2025-05-04 06:32:21
PENDLE-USD-SWAP-LIN,-1e-05,2025-05-04 07:00:05,2025-05-04 07:21:51
PENDLE-USD-SWAP-LIN,-9e-06,2025-05-04 08:00:05,2025-05-04 08:28:25
PENDLE-USD-SWAP-LIN,-9e-06,2025-05-04 09:00:05,2025-05-04 09:23:22
PENGU-USD-SWAP-LIN,-3.2e-05,2025-05-04 02:00:21,2025-05-04 02:13:49
PENGU-USD-SWAP-LIN,-3.2e-05,2025-05-04 03:00:21,2025-05-04 03:34:48
PENGU-USD-SWAP-LIN,-3.9e-05,2025-05-04 04:00:22,2025-05-04 04:41:46
PENGU-USD-SWAP-LIN,-4e-05,2025-05-04 05:00:22,2025-05-04 05:36:30
PENGU-USD-SWAP-LIN,-6.2e-05,2025-05-04 06:00:22,2025-05-04 06:45:14
PENGU-USD-SWAP-LIN,-4.2e-05,2025-05-04 07:00:19,2025-05-04 07:34:46
PENGU-USD-SWAP-LIN,-4.4e-05,2025-05-04 08:00:20,2025-05-04 08:41:24
PENGU-USD-SWAP-LIN,-3.9e-05,2025-05-04 09:00:20,2025-05-04 09:36:22
PEOPLE-USD-SWAP-LIN,-2.8e-05,2025-05-04 02:00:13,2025-05-04 02:05:55
PEOPLE-USD-SWAP-LIN,-2.8e-05,2025-05-04 03:00:14,2025-05-04 03:26:53
PEOPLE-USD-SWAP-LIN,-2.6e-05,2025-05-04 04:00:14,2025-05-04 04:33:50
PEOPLE-USD-SWAP-LIN,-2.5e-05,2025-05-04 05:00:14,2025-05-04 05:28:33
PEOPLE-USD-SWAP-LIN,-2.7e-05,2025-05-04 06:00:11,2025-05-04 06:37:20
PEOPLE-USD-SWAP-LIN,-3.9e-05,2025-05-04 07:00:12,2025-05-04 07:26:50
PEOPLE-USD-SWAP-LIN,-3.4e-05,2025-05-04 08:00:12,2025-05-04 08:33:26
PEOPLE-USD-SWAP-LIN,-4.1e-05,2025-05-04 09:00:12,2025-05-04 09:28:23
PEPECOIN-USD-SWAP-LIN,7e-06,2025-05-04 02:00:12,2025-05-04 02:05:00
PEPECOIN-USD-SWAP-LIN,8e-06,2025-05-04 03:00:13,2025-05-04 03:25:58
PEPECOIN-USD-SWAP-LIN,8e-06,2025-05-04 04:00:13,2025-05-04 04:32:57
PEPECOIN-USD-SWAP-LIN,6e-06,2025-05-04 05:00:10,2025-05-04 05:27:39
PEPECOIN-USD-SWAP-LIN,8e-06,2025-05-04 06:00:10,2025-05-04 06:36:27
PEPECOIN-USD-SWAP-LIN,1.3e-05,2025-05-04 07:00:10,2025-05-04 07:25:56
PEPECOIN-USD-SWAP-LIN,8e-06,2025-05-04 08:00:11,2025-05-04 08:32:31
PEPECOIN-USD-SWAP-LIN,9e-06,2025-05-04 09:00:11,2025-05-04 09:27:29
PEPU-USD-SWAP-LIN,1e-06,2025-05-04 02:00:22,2025-05-04 02:15:12
PEPU-USD-SWAP-LIN,0.0,2025-05-04 03:00:22,2025-05-04 03:36:12
PEPU-USD-SWAP-LIN,4e-06,2025-05-04 04:00:23,2025-05-04 04:43:10
PEPU-USD-SWAP-LIN,-2e-06,2025-05-04 05:00:24,2025-05-04 05:37:53
PEPU-USD-SWAP-LIN,-5e-06,2025-05-04 06:00:24,2025-05-04 06:46:38
PEPU-USD-SWAP-LIN,-2e-06,2025-05-04 07:00:23,2025-05-04 07:36:09
PEPU-USD-SWAP-LIN,5e-06,2025-05-04 08:00:21,2025-05-04 08:42:47
PEPU-USD-SWAP-LIN,-4e-06,2025-05-04 09:00:21,2025-05-04 09:37:46
PHA-USD-SWAP-LIN,-3.6e-05,2025-05-04 02:00:22,2025-05-04 02:14:26
PHA-USD-SWAP-LIN,-2.8e-05,2025-05-04 03:00:22,2025-05-04 03:35:25
PHA-USD-SWAP-LIN,-2.3e-05,2025-05-04 04:00:22,2025-05-04 04:42:22
PHA-USD-SWAP-LIN,-3.5e-05,2025-05-04 05:00:23,2025-05-04 05:37:07
PHA-USD-SWAP-LIN,-5.7e-05,2025-05-04 06:00:23,2025-05-04 06:45:50
PHA-USD-SWAP-LIN,-3.2e-05,2025-05-04 07:00:20,2025-05-04 07:35:22
PHA-USD-SWAP-LIN,-3.8e-05,2025-05-04 08:00:21,2025-05-04 08:42:01
PHA-USD-SWAP-LIN,-3.9e-05,2025-05-04 09:00:20,2025-05-04 09:36:58
PIPPIN-USD-SWAP-LIN,6e-06,2025-05-04 02:00:18,2025-05-04 02:11:00
PIPPIN-USD-SWAP-LIN,1e-06,2025-05-04 03:00:18,2025-05-04 03:31:58
PIPPIN-USD-SWAP-LIN,1.2e-05,2025-05-04 04:00:18,2025-05-04 04:38:56
PIPPIN-USD-SWAP-LIN,-2e-06,2025-05-04 05:00:19,2025-05-04 05:33:39
PIPPIN-USD-SWAP-LIN,9e-06,2025-05-04 06:00:16,2025-05-04 06:42:26
PIPPIN-USD-SWAP-LIN,1.2e-05,2025-05-04 07:00:16,2025-05-04 07:31:56
PIPPIN-USD-SWAP-LIN,1.3e-05,2025-05-04 08:00:17,2025-05-04 08:38:35
PIPPIN-USD-SWAP-LIN,1.1e-05,2025-05-04 09:00:16,2025-05-04 09:33:31
PIXEL-USD-SWAP-LIN,-2.8e-05,2025-05-04 02:00:07,2025-05-04 02:01:44
PIXEL-USD-SWAP-LIN,-2.8e-05,2025-05-04 03:00:08,2025-05-04 03:22:41
PIXEL-USD-SWAP-LIN,-2.8e-05,2025-05-04 04:00:06,2025-05-04 04:29:37
PIXEL-USD-SWAP-LIN,-3.6e-05,2025-05-04 05:00:05,2025-05-04 05:24:20
PIXEL-USD-SWAP-LIN,-2.9e-05,2025-05-04 06:00:05,2025-05-04 06:33:07
PIXEL-USD-SWAP-LIN,1.2e-05,2025-05-04 07:00:05,2025-05-04 07:22:37
PIXEL-USD-SWAP-LIN,-3.6e-05,2025-05-04 08:00:06,2025-05-04 08:29:12
PIXEL-USD-SWAP-LIN,-3.7e-05,2025-05-04 09:00:06,2025-05-04 09:24:09
PLUME-USD-SWAP-LIN,-2e-06,2025-05-04 02:00:23,2025-05-04 02:15:55
PLUME-USD-SWAP-LIN,1e-06,2025-05-04 03:00:23,2025-05-04 03:36:55
PLUME-USD-SWAP-LIN,0.0,2025-05-04 04:00:24,2025-05-04 04:43:53
PLUME-USD-SWAP-LIN,4e-06,2025-05-04 05:00:25,2025-05-04 05:38:36
PLUME-USD-SWAP-LIN,8e-06,2025-05-04 06:00:25,2025-05-04 06:47:21
PLUME-USD-SWAP-LIN,1e-06,2025-05-04 07:00:24,2025-05-04 07:36:53
PLUME-USD-SWAP-LIN,2e-06,2025-05-04 08:00:23,2025-05-04 08:43:31
PLUME-USD-SWAP-LIN,1e-06,2025-05-04 09:00:22,2025-05-04 09:38:28
PNUT-USD-SWAP-LIN,-2.3e-05,2025-05-04 02:00:17,2025-05-04 02:09:52
PNUT-USD-SWAP-LIN,-2.5e-05,2025-05-04 03:00:18,2025-05-04 03:30:50
PNUT-USD-SWAP-LIN,-2.3e-05,2025-05-04 04:00:17,2025-05-04 04:37:47
PNUT-USD-SWAP-LIN,-2.7e-05,2025-05-04 05:00:18,2025-05-04 05:32:31
PNUT-USD-SWAP-LIN,-1.5e-05,2025-05-04 06:00:15,2025-05-04 06:41:17
PNUT-USD-SWAP-LIN,-2.7e-05,2025-05-04 07:00:15,2025-05-04 07:30:47
PNUT-USD-SWAP-LIN,-2.9e-05,2025-05-04 08:00:16,2025-05-04 08:37:25
PNUT-USD-SWAP-LIN,-3.5e-05,2025-05-04 09:00:16,2025-05-04 09:32:22
POL-USD-SWAP-LIN,-2.4e-05,2025-05-04 02:00:15,2025-05-04 02:07:42
POL-USD-SWAP-LIN,-3.7e-05,2025-05-04 03:00:15,2025-05-04 03:28:40
POL-USD-SWAP-LIN,-3.7e-05,2025-05-04 04:00:15,2025-05-04 04:35:38
POL-USD-SWAP-LIN,-3.8e-05,2025-05-04 05:00:16,2025-05-04 05:30:21
POL-USD-SWAP-LIN,-3e-05,2025-05-04 06:00:13,2025-05-04 06:39:08
POL-USD-SWAP-LIN,-3.4e-05,2025-05-04 07:00:13,2025-05-04 07:28:37
POL-USD-SWAP-LIN,-3.3e-05,2025-05-04 08:00:14,2025-05-04 08:35:14
POL-USD-SWAP-LIN,-3.2e-05,2025-05-04 09:00:13,2025-05-04 09:30:11
PONKE-USD-SWAP-LIN,1.5e-05,2025-05-04 02:00:12,2025-05-04 02:04:53
PONKE-USD-SWAP-LIN,1.7e-05,2025-05-04 03:00:13,2025-05-04 03:25:51
PONKE-USD-SWAP-LIN,1.8e-05,2025-05-04 04:00:12,2025-05-04 04:32:49
PONKE-USD-SWAP-LIN,1.4e-05,2025-05-04 05:00:10,2025-05-04 05:27:31
PONKE-USD-SWAP-LIN,-2e-05,2025-05-04 06:00:10,2025-05-04 06:36:19
PONKE-USD-SWAP-LIN,1.3e-05,2025-05-04 07:00:10,2025-05-04 07:25:48
PONKE-USD-SWAP-LIN,1.4e-05,2025-05-04 08:00:11,2025-05-04 08:32:24
PONKE-USD-SWAP-LIN,1.3e-05,2025-05-04 09:00:11,2025-05-04 09:27:23
POPCAT-USD-SWAP-LIN,7.9e-05,2025-05-04 02:00:10,2025-05-04 02:03:13
POPCAT-USD-SWAP-LIN,0.000107,2025-05-04 03:00:11,2025-05-04 03:24:10
POPCAT-USD-SWAP-LIN,0.000121,2025-05-04 04:00:11,2025-05-04 04:31:08
POPCAT-USD-SWAP-LIN,0.000123,2025-05-04 05:00:08,2025-05-04 05:25:49
POPCAT-USD-SWAP-LIN,9.6e-05,2025-05-04 06:00:08,2025-05-04 06:34:38
POPCAT-USD-SWAP-LIN,0.000112,2025-05-04 07:00:09,2025-05-04 07:24:07
POPCAT-USD-SWAP-LIN,0.000117,2025-05-04 08:00:09,2025-05-04 08:30:42
POPCAT-USD-SWAP-LIN,0.000105,2025-05-04 09:00:09,2025-05-04 09:25:40
POPE-USD-SWAP-LIN,0.0,2025-05-04 02:00:28,2025-05-04 02:18:42
POPE-USD-SWAP-LIN,0.0,2025-05-04 03:00:28,2025-05-04 03:39:43
POPE-USD-SWAP-LIN,0.0,2025-05-04 04:00:29,2025-05-04 04:46:39
POPE-USD-SWAP-LIN,0.0,2025-05-04 05:00:30,2025-05-04 05:41:24
POPE-USD-SWAP-LIN,0.0,2025-05-04 06:00:29,2025-05-04 06:50:06
POPE-USD-SWAP-LIN,0.0,2025-05-04 07:00:29,2025-05-04 07:39:40
POPE-USD-SWAP-LIN,0.0,2025-05-04 08:00:30,2025-05-04 08:46:17
POPE-USD-SWAP-LIN,0.0,2025-05-04 09:00:26,2025-05-04 09:41:14
PROMPT-USD-SWAP-LIN,-1e-05,2025-05-04 02:00:26,2025-05-04 02:17:52
PROMPT-USD-SWAP-LIN,-8e-06,2025-05-04 03:00:26,2025-05-04 03:38:52
PROMPT-USD-SWAP-LIN,3.9e-05,2025-05-04 04:00:27,2025-05-04 04:45:48
PROMPT-USD-SWAP-LIN,2e-06,2025-05-04 05:00:28,2025-05-04 05:40:33
PROMPT-USD-SWAP-LIN,-1.1e-05,2025-05-04 06:00:27,2025-05-04 06:49:15
PROMPT-USD-SWAP-LIN,-1e-05,2025-05-04 07:00:27,2025-05-04 07:38:49
PROMPT-USD-SWAP-LIN,-9e-06,2025-05-04 08:00:25,2025-05-04 08:45:27
PROMPT-USD-SWAP-LIN,-1e-05,2025-05-04 09:00:24,2025-05-04 09:40:23
PUMPFUN-USD-SWAP-LIN,1e-06,2025-05-04 02:00:17,2025-05-04 02:10:24
PUMPFUN-USD-SWAP-LIN,0.0,2025-05-04 03:00:18,2025-05-04 03:31:22
PUMPFUN-USD-SWAP-LIN,4e-06,2025-05-04 04:00:18,2025-05-04 04:38:20
PUMPFUN-USD-SWAP-LIN,0.0,2025-05-04 05:00:19,2025-05-04 05:33:03
PUMPFUN-USD-SWAP-LIN,-2e-06,2025-05-04 06:00:16,2025-05-04 06:41:50
PUMPFUN-USD-SWAP-LIN,2e-06,2025-05-04 07:00:16,2025-05-04 07:31:20
PUMPFUN-USD-SWAP-LIN,0.0,2025-05-04 08:00:16,2025-05-04 08:37:58
PUMPFUN-USD-SWAP-LIN,-5e-06,2025-05-04 09:00:16,2025-05-04 09:32:55
PURPE-USD-SWAP-LIN,2.1e-05,2025-05-04 02:00:18,2025-05-04 02:11:47
PURPE-USD-SWAP-LIN,4.9e-05,2025-05-04 03:00:19,2025-05-04 03:32:46
PURPE-USD-SWAP-LIN,4e-05,2025-05-04 04:00:19,2025-05-04 04:39:43
PURPE-USD-SWAP-LIN,4.1e-05,2025-05-04 05:00:20,2025-05-04 05:34:27
PURPE-USD-SWAP-LIN,4.1e-05,2025-05-04 06:00:19,2025-05-04 06:43:12
PURPE-USD-SWAP-LIN,6.9e-05,2025-05-04 07:00:17,2025-05-04 07:32:44
PURPE-USD-SWAP-LIN,4e-05,2025-05-04 08:00:18,2025-05-04 08:39:22
PURPE-USD-SWAP-LIN,7.6e-05,2025-05-04 09:00:17,2025-05-04 09:34:19
PURR-USD-SWAP-LIN,1.4e-05,2025-05-04 02:00:13,2025-05-04 02:05:22
PURR-USD-SWAP-LIN,1.6e-05,2025-05-04 03:00:13,2025-05-04 03:26:20
PURR-USD-SWAP-LIN,0.0,2025-05-04 04:00:13,2025-05-04 04:33:18
PURR-USD-SWAP-LIN,1.6e-05,2025-05-04 05:00:11,2025-05-04 05:28:00
PURR-USD-SWAP-LIN,2.5e-05,2025-05-04 06:00:10,2025-05-04 06:36:48
PURR-USD-SWAP-LIN,2.4e-05,2025-05-04 07:00:11,2025-05-04 07:26:17
PURR-USD-SWAP-LIN,2e-05,2025-05-04 08:00:11,2025-05-04 08:32:53
PURR-USD-SWAP-LIN,2.5e-05,2025-05-04 09:00:11,2025-05-04 09:27:51
PWEASE-USD-SWAP-LIN,0.000187,2025-05-04 02:00:24,2025-05-04 02:16:50
PWEASE-USD-SWAP-LIN,0.000238,2025-05-04 03:00:24,2025-05-04 03:37:50
PWEASE-USD-SWAP-LIN,0.000368,2025-05-04 04:00:25,2025-05-04 04:44:47
PWEASE-USD-SWAP-LIN,0.000213,2025-05-04 05:00:26,2025-05-04 05:39:31
PWEASE-USD-SWAP-LIN,0.000201,2025-05-04 06:00:26,2025-05-04 06:48:14
PWEASE-USD-SWAP-LIN,0.000269,2025-05-04 07:00:25,2025-05-04 07:37:47
PWEASE-USD-SWAP-LIN,0.000307,2025-05-04 08:00:24,2025-05-04 08:44:25
PWEASE-USD-SWAP-LIN,0.000233,2025-05-04 09:00:23,2025-05-04 09:39:22
PYTH-USD-SWAP-LIN,-2.3e-05,2025-05-04 01:00:04,2025-05-04 01:59:56
PYTH-USD-SWAP-LIN,-3e-05,2025-05-04 03:00:06,2025-05-04 03:20:52
PYTH-USD-SWAP-LIN,-2.7e-05,2025-05-04 04:00:04,2025-05-04 04:27:49
PYTH-USD-SWAP-LIN,-2.6e-05,2025-05-04 05:00:03,2025-05-04 05:22:32
PYTH-USD-SWAP-LIN,-3.4e-05,2025-05-04 06:00:03,2025-05-04 06:31:19
PYTH-USD-SWAP-LIN,-3.7e-05,2025-05-04 07:00:04,2025-05-04 07:20:50
PYTH-USD-SWAP-LIN,-3.4e-05,2025-05-04 08:00:04,2025-05-04 08:27:23
PYTH-USD-SWAP-LIN,-3.3e-05,2025-05-04 09:00:04,2025-05-04 09:22:22
QNT-USD-SWAP-LIN,-6.9e-05,2025-05-04 02:00:11,2025-05-04 02:03:31
QNT-USD-SWAP-LIN,-5.5e-05,2025-05-04 03:00:12,2025-05-04 03:24:29
QNT-USD-SWAP-LIN,-5.5e-05,2025-05-04 04:00:11,2025-05-04 04:31:26
QNT-USD-SWAP-LIN,-6.6e-05,2025-05-04 05:00:09,2025-05-04 05:26:07
QNT-USD-SWAP-LIN,-3.2e-05,2025-05-04 06:00:09,2025-05-04 06:34:56
QNT-USD-SWAP-LIN,-4.2e-05,2025-05-04 07:00:09,2025-05-04 07:24:25
QNT-USD-SWAP-LIN,-5.1e-05,2025-05-04 08:00:09,2025-05-04 08:31:00
QNT-USD-SWAP-LIN,-6e-05,2025-05-04 09:00:09,2025-05-04 09:25:58
RARE-USD-SWAP-LIN,-3.9e-05,2025-05-04 02:00:25,2025-05-04 02:16:57
RARE-USD-SWAP-LIN,-3.8e-05,2025-05-04 03:00:25,2025-05-04 03:37:58
RARE-USD-SWAP-LIN,-3.8e-05,2025-05-04 04:00:25,2025-05-04 04:44:54
RARE-USD-SWAP-LIN,-4.2e-05,2025-05-04 05:00:26,2025-05-04 05:39:38
RARE-USD-SWAP-LIN,-4.9e-05,2025-05-04 06:00:26,2025-05-04 06:48:22
RARE-USD-SWAP-LIN,-4.6e-05,2025-05-04 07:00:25,2025-05-04 07:37:54
RARE-USD-SWAP-LIN,-4.5e-05,2025-05-04 08:00:24,2025-05-04 08:44:32
RARE-USD-SWAP-LIN,-6e-05,2025-05-04 09:00:23,2025-05-04 09:39:29
RATS-USD-SWAP-LIN,0.0,2025-05-04 02:00:20,2025-05-04 02:12:52
RATS-USD-SWAP-LIN,1e-06,2025-05-04 03:00:20,2025-05-04 03:33:50
RATS-USD-SWAP-LIN,-3e-06,2025-05-04 04:00:20,2025-05-04 04:40:48
RATS-USD-SWAP-LIN,-2e-06,2025-05-04 05:00:21,2025-05-04 05:35:32
RATS-USD-SWAP-LIN,-6e-06,2025-05-04 06:00:20,2025-05-04 06:44:16
RATS-USD-SWAP-LIN,1e-06,2025-05-04 07:00:18,2025-05-04 07:33:49
RATS-USD-SWAP-LIN,3e-06,2025-05-04 08:00:19,2025-05-04 08:40:27
RATS-USD-SWAP-LIN,1e-06,2025-05-04 09:00:18,2025-05-04 09:35:23
RAY-USD-SWAP-LIN,7e-06,2025-05-04 02:00:12,2025-05-04 02:04:42
RAY-USD-SWAP-LIN,9e-06,2025-05-04 03:00:12,2025-05-04 03:25:40
RAY-USD-SWAP-LIN,1.2e-05,2025-05-04 04:00:12,2025-05-04 04:32:39
RAY-USD-SWAP-LIN,1.1e-05,2025-05-04 05:00:10,2025-05-04 05:27:20
RAY-USD-SWAP-LIN,-0.000151,2025-05-04 06:00:09,2025-05-04 06:36:08
RAY-USD-SWAP-LIN,-3.3e-05,2025-05-04 07:00:10,2025-05-04 07:25:38
RAY-USD-SWAP-LIN,1e-05,2025-05-04 08:00:11,2025-05-04 08:32:13
RAY-USD-SWAP-LIN,1e-05,2025-05-04 09:00:10,2025-05-04 09:27:11
RDNT-USD-SWAP-LIN,-3.6e-05,2025-05-04 02:00:15,2025-05-04 02:08:58
RDNT-USD-SWAP-LIN,-4.2e-05,2025-05-04 03:00:17,2025-05-04 03:29:56
RDNT-USD-SWAP-LIN,-7e-05,2025-05-04 04:00:16,2025-05-04 04:36:54
RDNT-USD-SWAP-LIN,-7e-05,2025-05-04 05:00:17,2025-05-04 05:31:37
RDNT-USD-SWAP-LIN,-5.6e-05,2025-05-04 06:00:14,2025-05-04 06:40:25
RDNT-USD-SWAP-LIN,-5.6e-05,2025-05-04 07:00:14,2025-05-04 07:29:53
RDNT-USD-SWAP-LIN,-5.8e-05,2025-05-04 08:00:15,2025-05-04 08:36:30
RDNT-USD-SWAP-LIN,-4.3e-05,2025-05-04 09:00:14,2025-05-04 09:31:27
REI-USD-SWAP-LIN,1e-06,2025-05-04 02:00:18,2025-05-04 02:11:36
REI-USD-SWAP-LIN,0.0,2025-05-04 03:00:19,2025-05-04 03:32:35
REI-USD-SWAP-LIN,2e-06,2025-05-04 04:00:19,2025-05-04 04:39:32
REI-USD-SWAP-LIN,2e-06,2025-05-04 05:00:20,2025-05-04 05:34:16
REI-USD-SWAP-LIN,-8e-06,2025-05-04 06:00:19,2025-05-04 06:43:01
REI-USD-SWAP-LIN,5e-06,2025-05-04 07:00:17,2025-05-04 07:32:33
REI-USD-SWAP-LIN,1e-06,2025-05-04 08:00:17,2025-05-04 08:39:11
REI-USD-SWAP-LIN,3e-06,2025-05-04 09:00:17,2025-05-04 09:34:08
RENDER-USD-SWAP-LIN,-3.2e-05,2025-05-04 02:00:15,2025-05-04 02:08:43
RENDER-USD-SWAP-LIN,-2.5e-05,2025-05-04 03:00:16,2025-05-04 03:29:42
RENDER-USD-SWAP-LIN,-9e-06,2025-05-04 04:00:16,2025-05-04 04:36:39
RENDER-USD-SWAP-LIN,-2.7e-05,2025-05-04 05:00:17,2025-05-04 05:31:22
RENDER-USD-SWAP-LIN,-2.8e-05,2025-05-04 06:00:14,2025-05-04 06:40:10
RENDER-USD-SWAP-LIN,-3.2e-05,2025-05-04 07:00:14,2025-05-04 07:29:39
RENDER-USD-SWAP-LIN,-3.3e-05,2025-05-04 08:00:14,2025-05-04 08:36:16
RENDER-USD-SWAP-LIN,-2.7e-05,2025-05-04 09:00:14,2025-05-04 09:31:13
RETARDIO-USD-SWAP-LIN,8e-05,2025-05-04 02:00:09,2025-05-04 02:02:41
RETARDIO-USD-SWAP-LIN,0.000161,2025-05-04 03:00:10,2025-05-04 03:23:38
RETARDIO-USD-SWAP-LIN,0.000157,2025-05-04 04:00:10,2025-05-04 04:30:36
RETARDIO-USD-SWAP-LIN,0.000156,2025-05-04 05:00:07,2025-05-04 05:25:17
RETARDIO-USD-SWAP-LIN,0.000115,2025-05-04 06:00:07,2025-05-04 06:34:05
RETARDIO-USD-SWAP-LIN,0.000117,2025-05-04 07:00:08,2025-05-04 07:23:35
RETARDIO-USD-SWAP-LIN,0.00013,2025-05-04 08:00:08,2025-05-04 08:30:10
RETARDIO-USD-SWAP-LIN,0.000137,2025-05-04 09:00:08,2025-05-04 09:25:07
RFC-USD-SWAP-LIN,1.1e-05,2025-05-04 02:00:26,2025-05-04 02:17:45
RFC-USD-SWAP-LIN,2.3e-05,2025-05-04 03:00:26,2025-05-04 03:38:45
RFC-USD-SWAP-LIN,1.3e-05,2025-05-04 04:00:26,2025-05-04 04:45:41
RFC-USD-SWAP-LIN,2.1e-05,2025-05-04 05:00:27,2025-05-04 05:40:26
RFC-USD-SWAP-LIN,-1e-05,2025-05-04 06:00:27,2025-05-04 06:49:09
RFC-USD-SWAP-LIN,1.6e-05,2025-05-04 07:00:27,2025-05-04 07:38:42
RFC-USD-SWAP-LIN,1.5e-05,2025-05-04 08:00:25,2025-05-04 08:45:20
RFC-USD-SWAP-LIN,1.9e-05,2025-05-04 09:00:24,2025-05-04 09:40:16
RLB-USD-SWAP-LIN,0.0,2025-05-04 02:00:06,2025-05-04 02:00:21
RLB-USD-SWAP-LIN,0.0,2025-05-04 03:00:07,2025-05-04 03:21:18
RLB-USD-SWAP-LIN,0.0,2025-05-04 04:00:05,2025-05-04 04:28:15
RLB-USD-SWAP-LIN,1e-06,2025-05-04 05:00:04,2025-05-04 05:22:57
RLB-USD-SWAP-LIN,-1e-06,2025-05-04 06:00:04,2025-05-04 06:31:44
RLB-USD-SWAP-LIN,2e-06,2025-05-04 07:00:04,2025-05-04 07:21:15
RLB-USD-SWAP-LIN,0.0,2025-05-04 08:00:05,2025-05-04 08:27:49
RLB-USD-SWAP-LIN,1e-06,2025-05-04 09:00:05,2025-05-04 09:22:47
RON-USD-SWAP-LIN,-6.7e-05,2025-05-04 02:00:07,2025-05-04 02:01:51
RON-USD-SWAP-LIN,-6.5e-05,2025-05-04 03:00:08,2025-05-04 03:22:48
RON-USD-SWAP-LIN,-0.0001,2025-05-04 04:00:08,2025-05-04 04:29:45
RON-USD-SWAP-LIN,-9.9e-05,2025-05-04 05:00:05,2025-05-04 05:24:27
RON-USD-SWAP-LIN,-7.5e-05,2025-05-04 06:00:05,2025-05-04 06:33:14
RON-USD-SWAP-LIN,-8.4e-05,2025-05-04 07:00:06,2025-05-04 07:22:44
RON-USD-SWAP-LIN,-8.2e-05,2025-05-04 08:00:06,2025-05-04 08:29:19
RON-USD-SWAP-LIN,-8.6e-05,2025-05-04 09:00:06,2025-05-04 09:24:16
RUNE-USD-SWAP-LIN,-2e-06,2025-05-04 02:00:09,2025-05-04 02:02:13
RUNE-USD-SWAP-LIN,8e-06,2025-05-04 03:00:10,2025-05-04 03:23:10
RUNE-USD-SWAP-LIN,6e-06,2025-05-04 04:00:09,2025-05-04 04:30:06
RUNE-USD-SWAP-LIN,1e-06,2025-05-04 05:00:07,2025-05-04 05:24:49
RUNE-USD-SWAP-LIN,-1.3e-05,2025-05-04 06:00:07,2025-05-04 06:33:36
RUNE-USD-SWAP-LIN,6e-06,2025-05-04 07:00:07,2025-05-04 07:23:06
RUNE-USD-SWAP-LIN,1e-06,2025-05-04 08:00:07,2025-05-04 08:29:41
RUNE-USD-SWAP-LIN,-6e-06,2025-05-04 09:00:08,2025-05-04 09:24:38
SAGA-USD-SWAP-LIN,-3.2e-05,2025-05-04 02:00:15,2025-05-04 02:08:47
SAGA-USD-SWAP-LIN,-4.4e-05,2025-05-04 03:00:16,2025-05-04 03:29:46
SAGA-USD-SWAP-LIN,-5e-05,2025-05-04 04:00:16,2025-05-04 04:36:43
SAGA-USD-SWAP-LIN,-4.4e-05,2025-05-04 05:00:17,2025-05-04 05:31:26
SAGA-USD-SWAP-LIN,-2.2e-05,2025-05-04 06:00:14,2025-05-04 06:40:13
SAGA-USD-SWAP-LIN,4e-06,2025-05-04 07:00:14,2025-05-04 07:29:42
SAGA-USD-SWAP-LIN,-3.5e-05,2025-05-04 08:00:14,2025-05-04 08:36:19
SAGA-USD-SWAP-LIN,-3.4e-05,2025-05-04 09:00:14,2025-05-04 09:31:17
SAND-USD-SWAP-LIN,-2.4e-05,2025-05-04 02:00:11,2025-05-04 02:03:52
SAND-USD-SWAP-LIN,-3e-05,2025-05-04 03:00:12,2025-05-04 03:24:51
SAND-USD-SWAP-LIN,-2.4e-05,2025-05-04 04:00:11,2025-05-04 04:31:48
SAND-USD-SWAP-LIN,-2.9e-05,2025-05-04 05:00:09,2025-05-04 05:26:29
SAND-USD-SWAP-LIN,-1.4e-05,2025-05-04 06:00:09,2025-05-04 06:35:18
SAND-USD-SWAP-LIN,-3.3e-05,2025-05-04 07:00:09,2025-05-04 07:24:46
SAND-USD-SWAP-LIN,-3.7e-05,2025-05-04 08:00:10,2025-05-04 08:31:22
SAND-USD-SWAP-LIN,-3.5e-05,2025-05-04 09:00:10,2025-05-04 09:26:20
SCR-USD-SWAP-LIN,-1.7e-05,2025-05-04 02:00:17,2025-05-04 02:09:49
SCR-USD-SWAP-LIN,-3.5e-05,2025-05-04 03:00:17,2025-05-04 03:30:46
SCR-USD-SWAP-LIN,-3.2e-05,2025-05-04 04:00:17,2025-05-04 04:37:44
SCR-USD-SWAP-LIN,-2.9e-05,2025-05-04 05:00:18,2025-05-04 05:32:27
SCR-USD-SWAP-LIN,-3.9e-05,2025-05-04 06:00:15,2025-05-04 06:41:14
SCR-USD-SWAP-LIN,6e-06,2025-05-04 07:00:15,2025-05-04 07:30:43
SCR-USD-SWAP-LIN,-1.5e-05,2025-05-04 08:00:16,2025-05-04 08:37:22
SCR-USD-SWAP-LIN,-1.8e-05,2025-05-04 09:00:16,2025-05-04 09:32:18
SDEX-USD-SWAP-LIN,0.0,2025-05-04 02:00:28,2025-05-04 02:18:34
SDEX-USD-SWAP-LIN,0.0,2025-05-04 03:00:28,2025-05-04 03:39:37
SDEX-USD-SWAP-LIN,0.0,2025-05-04 04:00:28,2025-05-04 04:46:31
SDEX-USD-SWAP-LIN,0.0,2025-05-04 05:00:30,2025-05-04 05:41:17
SDEX-USD-SWAP-LIN,0.0,2025-05-04 06:00:29,2025-05-04 06:49:58
SDEX-USD-SWAP-LIN,0.0,2025-05-04 07:00:29,2025-05-04 07:39:33
SDEX-USD-SWAP-LIN,0.0,2025-05-04 08:00:29,2025-05-04 08:46:10
SDEX-USD-SWAP-LIN,0.0,2025-05-04 09:00:26,2025-05-04 09:41:07
SEI-USD-SWAP-LIN,-2.8e-05,2025-05-04 01:00:04,2025-05-04 01:59:35
SEI-USD-SWAP-LIN,-3e-05,2025-05-04 03:00:06,2025-05-04 03:20:31
SEI-USD-SWAP-LIN,-3e-05,2025-05-04 04:00:04,2025-05-04 04:27:28
SEI-USD-SWAP-LIN,-2.7e-05,2025-05-04 05:00:03,2025-05-04 05:22:10
SEI-USD-SWAP-LIN,-2.7e-05,2025-05-04 06:00:03,2025-05-04 06:30:56
SEI-USD-SWAP-LIN,-1.4e-05,2025-05-04 07:00:03,2025-05-04 07:20:28
SEI-USD-SWAP-LIN,-3e-05,2025-05-04 08:00:04,2025-05-04 08:27:02
SEI-USD-SWAP-LIN,-3e-05,2025-05-04 09:00:04,2025-05-04 09:22:00
SEND-USD-SWAP-LIN,3e-06,2025-05-04 02:00:21,2025-05-04 02:13:38
SEND-USD-SWAP-LIN,2e-06,2025-05-04 03:00:21,2025-05-04 03:34:37
SEND-USD-SWAP-LIN,3e-06,2025-05-04 04:00:21,2025-05-04 04:41:35
SEND-USD-SWAP-LIN,2e-06,2025-05-04 05:00:22,2025-05-04 05:36:19
SEND-USD-SWAP-LIN,-2e-06,2025-05-04 06:00:21,2025-05-04 06:45:03
SEND-USD-SWAP-LIN,-2e-06,2025-05-04 07:00:19,2025-05-04 07:34:35
SEND-USD-SWAP-LIN,-6e-06,2025-05-04 08:00:20,2025-05-04 08:41:13
SEND-USD-SWAP-LIN,6e-06,2025-05-04 09:00:19,2025-05-04 09:36:11
SHFL-USD-SWAP-LIN,6e-06,2025-05-04 02:00:19,2025-05-04 02:12:42
SHFL-USD-SWAP-LIN,1.3e-05,2025-05-04 03:00:20,2025-05-04 03:33:39
SHFL-USD-SWAP-LIN,1.8e-05,2025-05-04 04:00:20,2025-05-04 04:40:37
SHFL-USD-SWAP-LIN,1.3e-05,2025-05-04 05:00:21,2025-05-04 05:35:21
SHFL-USD-SWAP-LIN,3.2e-05,2025-05-04 06:00:20,2025-05-04 06:44:06
SHFL-USD-SWAP-LIN,1e-05,2025-05-04 07:00:18,2025-05-04 07:33:38
SHFL-USD-SWAP-LIN,8e-06,2025-05-04 08:00:19,2025-05-04 08:40:16
SHFL-USD-SWAP-LIN,1.8e-05,2025-05-04 09:00:18,2025-05-04 09:35:12
SHIRO-USD-SWAP-LIN,0.00021,2025-05-04 02:00:20,2025-05-04 02:12:49
SHIRO-USD-SWAP-LIN,0.00024,2025-05-04 03:00:20,2025-05-04 03:33:46
SHIRO-USD-SWAP-LIN,0.000245,2025-05-04 04:00:20,2025-05-04 04:40:45
SHIRO-USD-SWAP-LIN,0.000222,2025-05-04 05:00:21,2025-05-04 05:35:28
SHIRO-USD-SWAP-LIN,0.000207,2025-05-04 06:00:20,2025-05-04 06:44:13
SHIRO-USD-SWAP-LIN,0.000219,2025-05-04 07:00:18,2025-05-04 07:33:45
SHIRO-USD-SWAP-LIN,0.000229,2025-05-04 08:00:19,2025-05-04 08:40:23
SHIRO-USD-SWAP-LIN,0.000219,2025-05-04 09:00:18,2025-05-04 09:35:20
SIREN-USD-SWAP-LIN,-5e-06,2025-05-04 02:00:25,2025-05-04 02:17:20
SIREN-USD-SWAP-LIN,-5e-06,2025-05-04 03:00:25,2025-05-04 03:38:20
SIREN-USD-SWAP-LIN,5e-06,2025-05-04 04:00:26,2025-05-04 04:45:15
SIREN-USD-SWAP-LIN,-1e-06,2025-05-04 05:00:27,2025-05-04 05:40:00
SIREN-USD-SWAP-LIN,1e-06,2025-05-04 06:00:26,2025-05-04 06:48:43
SIREN-USD-SWAP-LIN,4e-06,2025-05-04 07:00:26,2025-05-04 07:38:16
SIREN-USD-SWAP-LIN,-4e-06,2025-05-04 08:00:24,2025-05-04 08:44:54
SIREN-USD-SWAP-LIN,-3e-06,2025-05-04 09:00:23,2025-05-04 09:39:51
SKI-USD-SWAP-LIN,1.2e-05,2025-05-04 02:00:19,2025-05-04 02:12:02
SKI-USD-SWAP-LIN,1.1e-05,2025-05-04 03:00:20,2025-05-04 03:33:00
SKI-USD-SWAP-LIN,1.3e-05,2025-05-04 04:00:20,2025-05-04 04:39:57
SKI-USD-SWAP-LIN,1.2e-05,2025-05-04 05:00:21,2025-05-04 05:34:41
SKI-USD-SWAP-LIN,9e-06,2025-05-04 06:00:20,2025-05-04 06:43:26
SKI-USD-SWAP-LIN,1.2e-05,2025-05-04 07:00:18,2025-05-04 07:32:58
SKI-USD-SWAP-LIN,1.5e-05,2025-05-04 08:00:18,2025-05-04 08:39:36
SKI-USD-SWAP-LIN,1e-05,2025-05-04 09:00:18,2025-05-04 09:34:34
SLERF-USD-SWAP-LIN,5e-06,2025-05-04 02:00:12,2025-05-04 02:05:18
SLERF-USD-SWAP-LIN,3e-06,2025-05-04 03:00:13,2025-05-04 03:26:16
SLERF-USD-SWAP-LIN,3e-06,2025-05-04 04:00:13,2025-05-04 04:33:15
SLERF-USD-SWAP-LIN,1e-06,2025-05-04 05:00:10,2025-05-04 05:27:56
SLERF-USD-SWAP-LIN,-1.9e-05,2025-05-04 06:00:10,2025-05-04 06:36:45
SLERF-USD-SWAP-LIN,-4e-06,2025-05-04 07:00:11,2025-05-04 07:26:14
SLERF-USD-SWAP-LIN,2e-06,2025-05-04 08:00:11,2025-05-04 08:32:50
SLERF-USD-SWAP-LIN,8e-06,2025-05-04 09:00:11,2025-05-04 09:27:47
SLF-USD-SWAP-LIN,1e-06,2025-05-04 02:00:15,2025-05-04 02:07:35
SLF-USD-SWAP-LIN,-2e-06,2025-05-04 03:00:15,2025-05-04 03:28:34
SLF-USD-SWAP-LIN,2e-06,2025-05-04 04:00:15,2025-05-04 04:35:30
SLF-USD-SWAP-LIN,1e-06,2025-05-04 05:00:16,2025-05-04 05:30:13
SLF-USD-SWAP-LIN,1e-06,2025-05-04 06:00:13,2025-05-04 06:39:01
SLF-USD-SWAP-LIN,1.2e-05,2025-05-04 07:00:13,2025-05-04 07:28:30
SLF-USD-SWAP-LIN,1e-06,2025-05-04 08:00:14,2025-05-04 08:35:07
SLF-USD-SWAP-LIN,1e-06,2025-05-04 09:00:13,2025-05-04 09:30:04
SLP-USD-SWAP-LIN,2e-06,2025-05-04 02:00:24,2025-05-04 02:16:10
SLP-USD-SWAP-LIN,-2e-06,2025-05-04 03:00:24,2025-05-04 03:37:11
SLP-USD-SWAP-LIN,-4e-06,2025-05-04 04:00:24,2025-05-04 04:44:08
SLP-USD-SWAP-LIN,0.0,2025-05-04 05:00:25,2025-05-04 05:38:51
SLP-USD-SWAP-LIN,-4.3e-05,2025-05-04 06:00:25,2025-05-04 06:47:35
SLP-USD-SWAP-LIN,4e-06,2025-05-04 07:00:24,2025-05-04 07:37:07
SLP-USD-SWAP-LIN,2e-06,2025-05-04 08:00:23,2025-05-04 08:43:45
SLP-USD-SWAP-LIN,-2e-06,2025-05-04 09:00:22,2025-05-04 09:38:43
SNAI-USD-SWAP-LIN,3e-06,2025-05-04 02:00:22,2025-05-04 02:14:15
SNAI-USD-SWAP-LIN,-3e-06,2025-05-04 03:00:22,2025-05-04 03:35:14
SNAI-USD-SWAP-LIN,5e-06,2025-05-04 04:00:22,2025-05-04 04:42:11
SNAI-USD-SWAP-LIN,4e-05,2025-05-04 05:00:23,2025-05-04 05:36:56
SNAI-USD-SWAP-LIN,1.8e-05,2025-05-04 06:00:23,2025-05-04 06:45:39
SNAI-USD-SWAP-LIN,2.7e-05,2025-05-04 07:00:20,2025-05-04 07:35:11
SNAI-USD-SWAP-LIN,7e-06,2025-05-04 08:00:21,2025-05-04 08:41:49
SNAI-USD-SWAP-LIN,2.4e-05,2025-05-04 09:00:20,2025-05-04 09:36:47
SNEK-USD-SWAP-LIN,0.0,2025-05-04 02:00:24,2025-05-04 02:16:17
SNEK-USD-SWAP-LIN,-2e-06,2025-05-04 03:00:24,2025-05-04 03:37:18
SNEK-USD-SWAP-LIN,1e-06,2025-05-04 04:00:24,2025-05-04 04:44:14
SNEK-USD-SWAP-LIN,1e-06,2025-05-04 05:00:25,2025-05-04 05:38:59
SNEK-USD-SWAP-LIN,-2e-06,2025-05-04 06:00:25,2025-05-04 06:47:42
SNEK-USD-SWAP-LIN,1e-06,2025-05-04 07:00:24,2025-05-04 07:37:14
SNEK-USD-SWAP-LIN,-2e-06,2025-05-04 08:00:23,2025-05-04 08:43:53
SNEK-USD-SWAP-LIN,0.0,2025-05-04 09:00:22,2025-05-04 09:38:50
SOL-USD-SWAP-LIN,-3.8e-05,2025-05-04 01:00:02,2025-05-04 01:59:06
SOL-USD-SWAP-LIN,-3.1e-05,2025-05-04 03:00:05,2025-05-04 03:20:02
SOL-USD-SWAP-LIN,-3.5e-05,2025-05-04 04:00:02,2025-05-04 04:26:59
SOL-USD-SWAP-LIN,-4.3e-05,2025-05-04 05:00:01,2025-05-04 05:21:42
SOL-USD-SWAP-LIN,-3.7e-05,2025-05-04 06:00:01,2025-05-04 06:30:27
SOL-USD-SWAP-LIN,-1.8e-05,2025-05-04 07:00:02,2025-05-04 07:19:59
SOL-USD-SWAP-LIN,-3.2e-05,2025-05-04 08:00:02,2025-05-04 08:26:34
SOL-USD-SWAP-LIN,-3.7e-05,2025-05-04 09:00:03,2025-05-04 09:21:31
SONIC-USD-SWAP-LIN,-2e-06,2025-05-04 02:00:22,2025-05-04 02:15:09
SONIC-USD-SWAP-LIN,1e-06,2025-05-04 03:00:22,2025-05-04 03:36:09
SONIC-USD-SWAP-LIN,1e-06,2025-05-04 04:00:23,2025-05-04 04:43:06
SONIC-USD-SWAP-LIN,1e-06,2025-05-04 05:00:24,2025-05-04 05:37:50
SONIC-USD-SWAP-LIN,9e-06,2025-05-04 06:00:23,2025-05-04 06:46:35
SONIC-USD-SWAP-LIN,1e-06,2025-05-04 07:00:22,2025-05-04 07:36:06
SONIC-USD-SWAP-LIN,1e-06,2025-05-04 08:00:21,2025-05-04 08:42:44
SONIC-USD-SWAP-LIN,0.0,2025-05-04 09:00:21,2025-05-04 09:37:42
SPX-USD-SWAP-LIN,1.7e-05,2025-05-04 02:00:10,2025-05-04 02:02:55
SPX-USD-SWAP-LIN,1.5e-05,2025-05-04 03:00:11,2025-05-04 03:23:52
SPX-USD-SWAP-LIN,1.9e-05,2025-05-04 04:00:10,2025-05-04 04:30:50
SPX-USD-SWAP-LIN,1.6e-05,2025-05-04 05:00:08,2025-05-04 05:25:32
SPX-USD-SWAP-LIN,1.6e-05,2025-05-04 06:00:08,2025-05-04 06:34:20
SPX-USD-SWAP-LIN,1.7e-05,2025-05-04 07:00:08,2025-05-04 07:23:49
SPX-USD-SWAP-LIN,1.6e-05,2025-05-04 08:00:08,2025-05-04 08:30:24
SPX-USD-SWAP-LIN,1.3e-05,2025-05-04 09:00:08,2025-05-04 09:25:22
STONKSSOL-USD-SWAP-LIN,3e-06,2025-05-04 02:00:23,2025-05-04 02:15:59
STONKSSOL-USD-SWAP-LIN,6e-06,2025-05-04 03:00:23,2025-05-04 03:36:59
STONKSSOL-USD-SWAP-LIN,6e-06,2025-05-04 04:00:24,2025-05-04 04:43:57
STONKSSOL-USD-SWAP-LIN,-4e-06,2025-05-04 05:00:25,2025-05-04 05:38:40
STONKSSOL-USD-SWAP-LIN,2e-06,2025-05-04 06:00:25,2025-05-04 06:47:25
STONKSSOL-USD-SWAP-LIN,1.2e-05,2025-05-04 07:00:24,2025-05-04 07:36:56
STONKSSOL-USD-SWAP-LIN,8e-06,2025-05-04 08:00:23,2025-05-04 08:43:34
STONKSSOL-USD-SWAP-LIN,1.6e-05,2025-05-04 09:00:22,2025-05-04 09:38:32
STRK-USD-SWAP-LIN,-2.7e-05,2025-05-04 02:00:07,2025-05-04 02:01:37
STRK-USD-SWAP-LIN,-1.8e-05,2025-05-04 03:00:08,2025-05-04 03:22:34
STRK-USD-SWAP-LIN,-9e-06,2025-05-04 04:00:06,2025-05-04 04:29:30
STRK-USD-SWAP-LIN,-5e-06,2025-05-04 05:00:05,2025-05-04 05:24:12
STRK-USD-SWAP-LIN,-2.9e-05,2025-05-04 06:00:05,2025-05-04 06:33:00
STRK-USD-SWAP-LIN,-2.8e-05,2025-05-04 07:00:05,2025-05-04 07:22:31
STRK-USD-SWAP-LIN,-2.4e-05,2025-05-04 08:00:06,2025-05-04 08:29:05
STRK-USD-SWAP-LIN,-7e-06,2025-05-04 09:00:06,2025-05-04 09:24:02
STX-USD-SWAP-LIN,-3.9e-05,2025-05-04 02:00:15,2025-05-04 02:08:36
STX-USD-SWAP-LIN,-2.5e-05,2025-05-04 03:00:16,2025-05-04 03:29:35
STX-USD-SWAP-LIN,-2.7e-05,2025-05-04 04:00:16,2025-05-04 04:36:32
STX-USD-SWAP-LIN,-3.6e-05,2025-05-04 05:00:17,2025-05-04 05:31:15
STX-USD-SWAP-LIN,-3.5e-05,2025-05-04 06:00:14,2025-05-04 06:40:03
STX-USD-SWAP-LIN,-4.5e-05,2025-05-04 07:00:14,2025-05-04 07:29:32
STX-USD-SWAP-LIN,-3.4e-05,2025-05-04 08:00:14,2025-05-04 08:36:09
STX-USD-SWAP-LIN,-3e-05,2025-05-04 09:00:14,2025-05-04 09:31:05
SUI-USD-SWAP-LIN,8e-06,2025-05-04 01:00:04,2025-05-04 01:59:52
SUI-USD-SWAP-LIN,1.3e-05,2025-05-04 03:00:06,2025-05-04 03:20:49
SUI-USD-SWAP-LIN,1.3e-05,2025-05-04 04:00:04,2025-05-04 04:27:46
SUI-USD-SWAP-LIN,1.3e-05,2025-05-04 05:00:03,2025-05-04 05:22:28
SUI-USD-SWAP-LIN,9e-06,2025-05-04 06:00:03,2025-05-04 06:31:15
SUI-USD-SWAP-LIN,3.2e-05,2025-05-04 07:00:04,2025-05-04 07:20:46
SUI-USD-SWAP-LIN,-1e-06,2025-05-04 08:00:04,2025-05-04 08:27:20
SUI-USD-SWAP-LIN,-1e-06,2025-05-04 09:00:04,2025-05-04 09:22:18
SUN-USD-SWAP-LIN,-1e-06,2025-05-04 02:00:14,2025-05-04 02:07:17
SUN-USD-SWAP-LIN,2e-06,2025-05-04 03:00:15,2025-05-04 03:28:16
SUN-USD-SWAP-LIN,2e-06,2025-05-04 04:00:15,2025-05-04 04:35:13
SUN-USD-SWAP-LIN,-4e-06,2025-05-04 05:00:16,2025-05-04 05:29:56
SUN-USD-SWAP-LIN,1.5e-05,2025-05-04 06:00:13,2025-05-04 06:38:44
SUN-USD-SWAP-LIN,7e-06,2025-05-04 07:00:13,2025-05-04 07:28:12
SUN-USD-SWAP-LIN,0.0,2025-05-04 08:00:14,2025-05-04 08:34:48
SUN-USD-SWAP-LIN,0.0,2025-05-04 09:00:13,2025-05-04 09:29:46
SUNDOG-USD-SWAP-LIN,4e-06,2025-05-04 02:00:14,2025-05-04 02:07:14
SUNDOG-USD-SWAP-LIN,4e-06,2025-05-04 03:00:15,2025-05-04 03:28:12
SUNDOG-USD-SWAP-LIN,8e-06,2025-05-04 04:00:15,2025-05-04 04:35:09
SUNDOG-USD-SWAP-LIN,5e-06,2025-05-04 05:00:16,2025-05-04 05:29:52
SUNDOG-USD-SWAP-LIN,-2e-05,2025-05-04 06:00:13,2025-05-04 06:38:40
SUNDOG-USD-SWAP-LIN,-1.3e-05,2025-05-04 07:00:13,2025-05-04 07:28:08
SUNDOG-USD-SWAP-LIN,4e-06,2025-05-04 08:00:13,2025-05-04 08:34:45
SUNDOG-USD-SWAP-LIN,3e-06,2025-05-04 09:00:13,2025-05-04 09:29:42
SWARMS-USD-SWAP-LIN,2.1e-05,2025-05-04 02:00:22,2025-05-04 02:14:30
SWARMS-USD-SWAP-LIN,2.2e-05,2025-05-04 03:00:22,2025-05-04 03:35:28
SWARMS-USD-SWAP-LIN,2.2e-05,2025-05-04 04:00:22,2025-05-04 04:42:26
SWARMS-USD-SWAP-LIN,2.3e-05,2025-05-04 05:00:23,2025-05-04 05:37:11
SWARMS-USD-SWAP-LIN,2.2e-05,2025-05-04 06:00:23,2025-05-04 06:45:54
SWARMS-USD-SWAP-LIN,1.9e-05,2025-05-04 07:00:20,2025-05-04 07:35:25
SWARMS-USD-SWAP-LIN,1.9e-05,2025-05-04 08:00:21,2025-05-04 08:42:04
SWARMS-USD-SWAP-LIN,2e-05,2025-05-04 09:00:20,2025-05-04 09:37:01
SXP-USD-SWAP-LIN,3e-06,2025-05-04 02:00:17,2025-05-04 02:10:07
SXP-USD-SWAP-LIN,1e-06,2025-05-04 03:00:18,2025-05-04 03:31:05
SXP-USD-SWAP-LIN,2e-06,2025-05-04 04:00:18,2025-05-04 04:38:02
SXP-USD-SWAP-LIN,2e-06,2025-05-04 05:00:19,2025-05-04 05:32:45
SXP-USD-SWAP-LIN,1e-06,2025-05-04 06:00:15,2025-05-04 06:41:32
SXP-USD-SWAP-LIN,1e-06,2025-05-04 07:00:16,2025-05-04 07:31:01
SXP-USD-SWAP-LIN,-2e-06,2025-05-04 08:00:16,2025-05-04 08:37:40
SXP-USD-SWAP-LIN,3e-06,2025-05-04 09:00:16,2025-05-04 09:32:36
TAO-USD-SWAP-LIN,-2.6e-05,2025-05-04 02:00:06,2025-05-04 02:00:50
TAO-USD-SWAP-LIN,-2.8e-05,2025-05-04 03:00:07,2025-05-04 03:21:47
TAO-USD-SWAP-LIN,-3e-05,2025-05-04 04:00:05,2025-05-04 04:28:44
TAO-USD-SWAP-LIN,-2.7e-05,2025-05-04 05:00:04,2025-05-04 05:23:26
TAO-USD-SWAP-LIN,-2.8e-05,2025-05-04 06:00:04,2025-05-04 06:32:14
TAO-USD-SWAP-LIN,-2.7e-05,2025-05-04 07:00:05,2025-05-04 07:21:43
TAO-USD-SWAP-LIN,-3.1e-05,2025-05-04 08:00:05,2025-05-04 08:28:18
TAO-USD-SWAP-LIN,-3.8e-05,2025-05-04 09:00:05,2025-05-04 09:23:15
THE-USD-SWAP-LIN,-4.9e-05,2025-05-04 02:00:19,2025-05-04 02:12:38
THE-USD-SWAP-LIN,-4.5e-05,2025-05-04 03:00:20,2025-05-04 03:33:36
THE-USD-SWAP-LIN,-6.1e-05,2025-05-04 04:00:20,2025-05-04 04:40:34
THE-USD-SWAP-LIN,-6.9e-05,2025-05-04 05:00:21,2025-05-04 05:35:17
THE-USD-SWAP-LIN,-5.4e-05,2025-05-04 06:00:20,2025-05-04 06:44:02
THE-USD-SWAP-LIN,-6.7e-05,2025-05-04 07:00:18,2025-05-04 07:33:35
THE-USD-SWAP-LIN,-6.6e-05,2025-05-04 08:00:19,2025-05-04 08:40:12
THE-USD-SWAP-LIN,-5.9e-05,2025-05-04 09:00:18,2025-05-04 09:35:08
TIA-USD-SWAP-LIN,-2.3e-05,2025-05-04 01:00:04,2025-05-04 01:59:31
TIA-USD-SWAP-LIN,-2.1e-05,2025-05-04 03:00:06,2025-05-04 03:20:27
TIA-USD-SWAP-LIN,-2.2e-05,2025-05-04 04:00:04,2025-05-04 04:27:24
TIA-USD-SWAP-LIN,-2.4e-05,2025-05-04 05:00:03,2025-05-04 05:22:07
TIA-USD-SWAP-LIN,-2.2e-05,2025-05-04 06:00:03,2025-05-04 06:30:53
TIA-USD-SWAP-LIN,-8e-06,2025-05-04 07:00:03,2025-05-04 07:20:24
TIA-USD-SWAP-LIN,-1.7e-05,2025-05-04 08:00:04,2025-05-04 08:26:59
TIA-USD-SWAP-LIN,-2e-05,2025-05-04 09:00:04,2025-05-04 09:21:56
TIGER-USD-SWAP-LIN,1.3e-05,2025-05-04 02:00:17,2025-05-04 02:10:49
TIGER-USD-SWAP-LIN,1.3e-05,2025-05-04 03:00:18,2025-05-04 03:31:47
TIGER-USD-SWAP-LIN,1e-05,2025-05-04 04:00:18,2025-05-04 04:38:45
TIGER-USD-SWAP-LIN,1.3e-05,2025-05-04 05:00:19,2025-05-04 05:33:28
TIGER-USD-SWAP-LIN,3e-06,2025-05-04 06:00:16,2025-05-04 06:42:15
TIGER-USD-SWAP-LIN,2e-05,2025-05-04 07:00:16,2025-05-04 07:31:45
TIGER-USD-SWAP-LIN,8e-06,2025-05-04 08:00:16,2025-05-04 08:38:24
TIGER-USD-SWAP-LIN,1.3e-05,2025-05-04 09:00:16,2025-05-04 09:33:21
TITCOIN-USD-SWAP-LIN,-0.000311,2025-05-04 02:00:26,2025-05-04 02:17:38
TITCOIN-USD-SWAP-LIN,-0.000281,2025-05-04 03:00:26,2025-05-04 03:38:38
TITCOIN-USD-SWAP-LIN,-0.000265,2025-05-04 04:00:26,2025-05-04 04:45:33
TITCOIN-USD-SWAP-LIN,-0.000419,2025-05-04 05:00:27,2025-05-04 05:40:18
TITCOIN-USD-SWAP-LIN,-0.000417,2025-05-04 06:00:27,2025-05-04 06:49:01
TITCOIN-USD-SWAP-LIN,-0.000407,2025-05-04 07:00:26,2025-05-04 07:38:34
TITCOIN-USD-SWAP-LIN,-0.000355,2025-05-04 08:00:25,2025-05-04 08:45:13
TITCOIN-USD-SWAP-LIN,-0.000228,2025-05-04 09:00:24,2025-05-04 09:40:09
TON-USD-SWAP-LIN,-2e-06,2025-05-04 02:00:09,2025-05-04 02:02:27
TON-USD-SWAP-LIN,-1e-06,2025-05-04 03:00:10,2025-05-04 03:23:24
TON-USD-SWAP-LIN,-1e-06,2025-05-04 04:00:10,2025-05-04 04:30:21
TON-USD-SWAP-LIN,-4e-06,2025-05-04 05:00:07,2025-05-04 05:25:03
TON-USD-SWAP-LIN,-5e-06,2025-05-04 06:00:07,2025-05-04 06:33:50
TON-USD-SWAP-LIN,1.5e-05,2025-05-04 07:00:08,2025-05-04 07:23:20
TON-USD-SWAP-LIN,2e-06,2025-05-04 08:00:08,2025-05-04 08:29:55
TON-USD-SWAP-LIN,0.0,2025-05-04 09:00:08,2025-05-04 09:24:53
TORN-USD-SWAP-LIN,1e-06,2025-05-04 02:00:19,2025-05-04 02:11:51
TORN-USD-SWAP-LIN,1e-05,2025-05-04 03:00:19,2025-05-04 03:32:49
TORN-USD-SWAP-LIN,3e-06,2025-05-04 04:00:19,2025-05-04 04:39:46
TORN-USD-SWAP-LIN,8e-06,2025-05-04 05:00:20,2025-05-04 05:34:30
TORN-USD-SWAP-LIN,-8e-06,2025-05-04 06:00:19,2025-05-04 06:43:16
TORN-USD-SWAP-LIN,-1e-06,2025-05-04 07:00:17,2025-05-04 07:32:47
TORN-USD-SWAP-LIN,-8.1e-05,2025-05-04 08:00:18,2025-05-04 08:39:25
TORN-USD-SWAP-LIN,-2.2e-05,2025-05-04 09:00:18,2025-05-04 09:34:23
TRENCHER-USD-SWAP-LIN,0.000524,2025-05-04 02:00:27,2025-05-04 02:18:23
TRENCHER-USD-SWAP-LIN,0.000468,2025-05-04 03:00:27,2025-05-04 03:39:25
TRENCHER-USD-SWAP-LIN,0.000507,2025-05-04 04:00:28,2025-05-04 04:46:21
TRENCHER-USD-SWAP-LIN,0.000564,2025-05-04 05:00:29,2025-05-04 05:41:06
TRENCHER-USD-SWAP-LIN,0.000436,2025-05-04 06:00:28,2025-05-04 06:49:48
TRENCHER-USD-SWAP-LIN,0.000472,2025-05-04 07:00:28,2025-05-04 07:39:22
TRENCHER-USD-SWAP-LIN,0.000696,2025-05-04 08:00:29,2025-05-04 08:45:59
TRENCHER-USD-SWAP-LIN,0.000571,2025-05-04 09:00:25,2025-05-04 09:40:56
TROLL-USD-SWAP-LIN,8.3e-05,2025-05-04 02:00:27,2025-05-04 02:18:13
TROLL-USD-SWAP-LIN,0.000215,2025-05-04 03:00:27,2025-05-04 03:39:15
TROLL-USD-SWAP-LIN,9.6e-05,2025-05-04 04:00:27,2025-05-04 04:46:10
TROLL-USD-SWAP-LIN,0.000122,2025-05-04 05:00:28,2025-05-04 05:40:55
TROLL-USD-SWAP-LIN,0.0003,2025-05-04 06:00:28,2025-05-04 06:49:37
TROLL-USD-SWAP-LIN,0.000314,2025-05-04 07:00:28,2025-05-04 07:39:11
TROLL-USD-SWAP-LIN,0.000349,2025-05-04 08:00:28,2025-05-04 08:45:49
TROLL-USD-SWAP-LIN,0.000237,2025-05-04 09:00:25,2025-05-04 09:40:45
TROY-USD-SWAP-LIN,5e-06,2025-05-04 02:00:17,2025-05-04 02:10:03
TROY-USD-SWAP-LIN,2e-06,2025-05-04 03:00:18,2025-05-04 03:31:01
TROY-USD-SWAP-LIN,-1.8e-05,2025-05-04 04:00:17,2025-05-04 04:37:58
TROY-USD-SWAP-LIN,3e-05,2025-05-04 05:00:18,2025-05-04 05:32:42
TROY-USD-SWAP-LIN,0.00024,2025-05-04 06:00:15,2025-05-04 06:41:28
TROY-USD-SWAP-LIN,-1.9e-05,2025-05-04 07:00:16,2025-05-04 07:30:58
TROY-USD-SWAP-LIN,4e-06,2025-05-04 08:00:16,2025-05-04 08:37:36
TROY-USD-SWAP-LIN,-1e-06,2025-05-04 09:00:16,2025-05-04 09:32:32
TRUMP-USD-SWAP-LIN,7e-06,2025-05-04 02:00:07,2025-05-04 02:01:55
TRUMP-USD-SWAP-LIN,1e-06,2025-05-04 03:00:08,2025-05-04 03:22:52
TRUMP-USD-SWAP-LIN,5e-06,2025-05-04 04:00:08,2025-05-04 04:29:48
TRUMP-USD-SWAP-LIN,-1e-06,2025-05-04 05:00:05,2025-05-04 05:24:30
TRUMP-USD-SWAP-LIN,8e-06,2025-05-04 06:00:05,2025-05-04 06:33:18
TRUMP-USD-SWAP-LIN,2e-06,2025-05-04 07:00:06,2025-05-04 07:22:48
TRUMP-USD-SWAP-LIN,8e-06,2025-05-04 08:00:06,2025-05-04 08:29:23
TRUMP-USD-SWAP-LIN,5e-06,2025-05-04 09:00:06,2025-05-04 09:24:20
TRUMPSOL-USD-SWAP-LIN,9.4e-05,2025-05-04 02:00:28,2025-05-04 02:18:52
TRUMPSOL-USD-SWAP-LIN,3.2e-05,2025-05-04 03:00:28,2025-05-04 03:39:54
TRUMPSOL-USD-SWAP-LIN,-9.3e-05,2025-05-04 04:00:29,2025-05-04 04:46:49
TRUMPSOL-USD-SWAP-LIN,-9.4e-05,2025-05-04 05:00:30,2025-05-04 05:41:35
TRUMPSOL-USD-SWAP-LIN,-6.6e-05,2025-05-04 06:00:29,2025-05-04 06:50:17
TRUMPSOL-USD-SWAP-LIN,-7.5e-05,2025-05-04 07:00:29,2025-05-04 07:39:51
TRUMPSOL-USD-SWAP-LIN,-7.5e-05,2025-05-04 08:00:30,2025-05-04 08:46:35
TRUMPSOL-USD-SWAP-LIN,-7.4e-05,2025-05-04 09:00:26,2025-05-04 09:41:31
TRX-USD-SWAP-LIN,-7e-06,2025-05-04 02:00:12,2025-05-04 02:04:28
TRX-USD-SWAP-LIN,-1.7e-05,2025-05-04 03:00:12,2025-05-04 03:25:26
TRX-USD-SWAP-LIN,-1.9e-05,2025-05-04 04:00:12,2025-05-04 04:32:24
TRX-USD-SWAP-LIN,-1.4e-05,2025-05-04 05:00:09,2025-05-04 05:27:05
TRX-USD-SWAP-LIN,-5e-06,2025-05-04 06:00:09,2025-05-04 06:35:54
TRX-USD-SWAP-LIN,-5e-06,2025-05-04 07:00:10,2025-05-04 07:25:22
TRX-USD-SWAP-LIN,-4e-06,2025-05-04 08:00:10,2025-05-04 08:31:58
TRX-USD-SWAP-LIN,-3e-06,2025-05-04 09:00:10,2025-05-04 09:26:57
TST-USD-SWAP-LIN,1e-06,2025-05-04 02:00:24,2025-05-04 02:16:14
TST-USD-SWAP-LIN,2e-06,2025-05-04 03:00:24,2025-05-04 03:37:15
TST-USD-SWAP-LIN,1e-06,2025-05-04 04:00:24,2025-05-04 04:44:11
TST-USD-SWAP-LIN,1e-06,2025-05-04 05:00:25,2025-05-04 05:38:55
TST-USD-SWAP-LIN,-0.000881,2025-05-04 06:00:25,2025-05-04 06:47:38
TST-USD-SWAP-LIN,-0.000222,2025-05-04 07:00:24,2025-05-04 07:37:11
TST-USD-SWAP-LIN,-2e-06,2025-05-04 08:00:23,2025-05-04 08:43:49
TST-USD-SWAP-LIN,3e-06,2025-05-04 09:00:22,2025-05-04 09:38:46
TURBO-USD-SWAP-LIN,1e-06,2025-05-04 02:00:13,2025-05-04 02:05:37
TURBO-USD-SWAP-LIN,2e-06,2025-05-04 03:00:14,2025-05-04 03:26:35
TURBO-USD-SWAP-LIN,-1e-06,2025-05-04 04:00:13,2025-05-04 04:33:32
TURBO-USD-SWAP-LIN,0.0,2025-05-04 05:00:13,2025-05-04 05:28:15
TURBO-USD-SWAP-LIN,9e-06,2025-05-04 06:00:11,2025-05-04 06:37:02
TURBO-USD-SWAP-LIN,-2e-06,2025-05-04 07:00:11,2025-05-04 07:26:32
TURBO-USD-SWAP-LIN,-1e-06,2025-05-04 08:00:12,2025-05-04 08:33:08
TURBO-USD-SWAP-LIN,-1e-06,2025-05-04 09:00:11,2025-05-04 09:28:05
TUT-USD-SWAP-LIN,-9.1e-05,2025-05-04 02:00:25,2025-05-04 02:17:12
TUT-USD-SWAP-LIN,-3.7e-05,2025-05-04 03:00:25,2025-05-04 03:38:12
TUT-USD-SWAP-LIN,-0.000102,2025-05-04 04:00:26,2025-05-04 04:45:08
TUT-USD-SWAP-LIN,-9.1e-05,2025-05-04 05:00:26,2025-05-04 05:39:53
TUT-USD-SWAP-LIN,-9e-05,2025-05-04 06:00:26,2025-05-04 06:48:36
TUT-USD-SWAP-LIN,-7.4e-05,2025-05-04 07:00:26,2025-05-04 07:38:09
TUT-USD-SWAP-LIN,-7.9e-05,2025-05-04 08:00:24,2025-05-04 08:44:48
TUT-USD-SWAP-LIN,-8.4e-05,2025-05-04 09:00:23,2025-05-04 09:39:44
UFD-USD-SWAP-LIN,1e-06,2025-05-04 02:00:21,2025-05-04 02:13:56
UFD-USD-SWAP-LIN,0.0,2025-05-04 03:00:21,2025-05-04 03:34:55
UFD-USD-SWAP-LIN,3e-06,2025-05-04 04:00:22,2025-05-04 04:41:53
UFD-USD-SWAP-LIN,1.3e-05,2025-05-04 05:00:23,2025-05-04 05:36:37
UFD-USD-SWAP-LIN,9e-06,2025-05-04 06:00:22,2025-05-04 06:45:21
UFD-USD-SWAP-LIN,2e-06,2025-05-04 07:00:20,2025-05-04 07:34:53
UFD-USD-SWAP-LIN,-1e-05,2025-05-04 08:00:20,2025-05-04 08:41:31
UFD-USD-SWAP-LIN,-1.1e-05,2025-05-04 09:00:20,2025-05-04 09:36:29
UNI-USD-SWAP-LIN,-2e-05,2025-05-04 02:00:09,2025-05-04 02:02:16
UNI-USD-SWAP-LIN,-1.6e-05,2025-05-04 03:00:10,2025-05-04 03:23:13
UNI-USD-SWAP-LIN,-2.2e-05,2025-05-04 04:00:09,2025-05-04 04:30:10
UNI-USD-SWAP-LIN,-2.4e-05,2025-05-04 05:00:07,2025-05-04 05:24:53
UNI-USD-SWAP-LIN,-1.6e-05,2025-05-04 06:00:07,2025-05-04 06:33:40
UNI-USD-SWAP-LIN,-1e-05,2025-05-04 07:00:07,2025-05-04 07:23:09
UNI-USD-SWAP-LIN,-2.1e-05,2025-05-04 08:00:08,2025-05-04 08:29:45
UNI-USD-SWAP-LIN,-2.1e-05,2025-05-04 09:00:08,2025-05-04 09:24:42
USDT-USD-SWAP-LIN,0.0,2025-05-04 02:00:06,2025-05-04 02:00:28
USDT-USD-SWAP-LIN,0.0,2025-05-04 03:00:07,2025-05-04 03:21:25
USDT-USD-SWAP-LIN,0.0,2025-05-04 04:00:05,2025-05-04 04:28:22
USDT-USD-SWAP-LIN,0.0,2025-05-04 05:00:04,2025-05-04 05:23:04
USDT-USD-SWAP-LIN,0.0,2025-05-04 06:00:04,2025-05-04 06:31:51
USDT-USD-SWAP-LIN,2e-06,2025-05-04 07:00:04,2025-05-04 07:21:22
USDT-USD-SWAP-LIN,0.0,2025-05-04 08:00:05,2025-05-04 08:27:55
USDT-USD-SWAP-LIN,0.0,2025-05-04 09:00:05,2025-05-04 09:22:54
USUAL-USD-SWAP-LIN,-3e-06,2025-05-04 02:00:21,2025-05-04 02:13:35
USUAL-USD-SWAP-LIN,0.0,2025-05-04 03:00:21,2025-05-04 03:34:33
USUAL-USD-SWAP-LIN,-2e-06,2025-05-04 04:00:21,2025-05-04 04:41:32
USUAL-USD-SWAP-LIN,3e-06,2025-05-04 05:00:22,2025-05-04 05:36:16
USUAL-USD-SWAP-LIN,-1.9e-05,2025-05-04 06:00:21,2025-05-04 06:44:59
USUAL-USD-SWAP-LIN,-3.3e-05,2025-05-04 07:00:19,2025-05-04 07:34:32
USUAL-USD-SWAP-LIN,-3.6e-05,2025-05-04 08:00:20,2025-05-04 08:41:09
USUAL-USD-SWAP-LIN,-3.9e-05,2025-05-04 09:00:19,2025-05-04 09:36:07
VINE-USD-SWAP-LIN,-4e-06,2025-05-04 02:00:23,2025-05-04 02:15:27
VINE-USD-SWAP-LIN,-1e-06,2025-05-04 03:00:23,2025-05-04 03:36:27
VINE-USD-SWAP-LIN,4e-06,2025-05-04 04:00:23,2025-05-04 04:43:24
VINE-USD-SWAP-LIN,1e-06,2025-05-04 05:00:24,2025-05-04 05:38:08
VINE-USD-SWAP-LIN,2e-06,2025-05-04 06:00:24,2025-05-04 06:46:52
VINE-USD-SWAP-LIN,2e-06,2025-05-04 07:00:23,2025-05-04 07:36:24
VINE-USD-SWAP-LIN,2e-06,2025-05-04 08:00:22,2025-05-04 08:43:02
VINE-USD-SWAP-LIN,3e-06,2025-05-04 09:00:21,2025-05-04 09:38:00
VIRTUAL-USD-SWAP-LIN,6e-06,2025-05-04 02:00:16,2025-05-04 02:09:27
VIRTUAL-USD-SWAP-LIN,5e-06,2025-05-04 03:00:17,2025-05-04 03:30:25
VIRTUAL-USD-SWAP-LIN,1.8e-05,2025-05-04 04:00:17,2025-05-04 04:37:22
VIRTUAL-USD-SWAP-LIN,6e-06,2025-05-04 05:00:18,2025-05-04 05:32:06
VIRTUAL-USD-SWAP-LIN,5e-06,2025-05-04 06:00:15,2025-05-04 06:40:52
VIRTUAL-USD-SWAP-LIN,6e-06,2025-05-04 07:00:15,2025-05-04 07:30:22
VIRTUAL-USD-SWAP-LIN,1.6e-05,2025-05-04 08:00:15,2025-05-04 08:37:00
VIRTUAL-USD-SWAP-LIN,7e-06,2025-05-04 09:00:15,2025-05-04 09:31:56
VIRTUALECO-USD-SWAP-LIN,3e-06,2025-05-04 02:00:22,2025-05-04 02:14:40
VIRTUALECO-USD-SWAP-LIN,3e-06,2025-05-04 03:00:22,2025-05-04 03:35:39
VIRTUALECO-USD-SWAP-LIN,4e-06,2025-05-04 04:00:23,2025-05-04 04:42:36
VIRTUALECO-USD-SWAP-LIN,4e-06,2025-05-04 05:00:24,2025-05-04 05:37:21
VIRTUALECO-USD-SWAP-LIN,6e-06,2025-05-04 06:00:23,2025-05-04 06:46:05
VIRTUALECO-USD-SWAP-LIN,2e-06,2025-05-04 07:00:20,2025-05-04 07:35:36
VIRTUALECO-USD-SWAP-LIN,1.8e-05,2025-05-04 08:00:21,2025-05-04 08:42:15
VIRTUALECO-USD-SWAP-LIN,3e-06,2025-05-04 09:00:21,2025-05-04 09:37:12
VVV-USD-SWAP-LIN,-1e-06,2025-05-04 02:00:23,2025-05-04 02:15:34
VVV-USD-SWAP-LIN,2e-06,2025-05-04 03:00:23,2025-05-04 03:36:34
VVV-USD-SWAP-LIN,3e-06,2025-05-04 04:00:24,2025-05-04 04:43:31
VVV-USD-SWAP-LIN,0.0,2025-05-04 05:00:25,2025-05-04 05:38:15
VVV-USD-SWAP-LIN,4e-06,2025-05-04 06:00:24,2025-05-04 06:47:00
VVV-USD-SWAP-LIN,2e-06,2025-05-04 07:00:23,2025-05-04 07:36:31
VVV-USD-SWAP-LIN,0.0,2025-05-04 08:00:22,2025-05-04 08:43:09
VVV-USD-SWAP-LIN,0.0,2025-05-04 09:00:22,2025-05-04 09:38:07
W-USD-SWAP-LIN,-3.1e-05,2025-05-04 02:00:11,2025-05-04 02:03:37
W-USD-SWAP-LIN,-3.3e-05,2025-05-04 03:00:12,2025-05-04 03:24:36
W-USD-SWAP-LIN,-3.6e-05,2025-05-04 04:00:11,2025-05-04 04:31:34
W-USD-SWAP-LIN,-3.3e-05,2025-05-04 05:00:09,2025-05-04 05:26:15
W-USD-SWAP-LIN,-3.2e-05,2025-05-04 06:00:09,2025-05-04 06:35:04
W-USD-SWAP-LIN,-5e-06,2025-05-04 07:00:09,2025-05-04 07:24:32
W-USD-SWAP-LIN,-2.7e-05,2025-05-04 08:00:09,2025-05-04 08:31:08
W-USD-SWAP-LIN,-3.5e-05,2025-05-04 09:00:09,2025-05-04 09:26:06
WAL-USD-SWAP-LIN,1e-06,2025-05-04 02:00:26,2025-05-04 02:17:41
WAL-USD-SWAP-LIN,0.0,2025-05-04 03:00:26,2025-05-04 03:38:41
WAL-USD-SWAP-LIN,-1e-06,2025-05-04 04:00:26,2025-05-04 04:45:37
WAL-USD-SWAP-LIN,1e-06,2025-05-04 05:00:27,2025-05-04 05:40:22
WAL-USD-SWAP-LIN,-1e-06,2025-05-04 06:00:27,2025-05-04 06:49:05
WAL-USD-SWAP-LIN,1e-06,2025-05-04 07:00:27,2025-05-04 07:38:38
WAL-USD-SWAP-LIN,-1e-06,2025-05-04 08:00:25,2025-05-04 08:45:16
WAL-USD-SWAP-LIN,2e-06,2025-05-04 09:00:24,2025-05-04 09:40:13
WHITE-USD-SWAP-LIN,1e-06,2025-05-04 02:00:24,2025-05-04 02:16:46
WHITE-USD-SWAP-LIN,1e-06,2025-05-04 03:00:24,2025-05-04 03:37:47
WHITE-USD-SWAP-LIN,-2.3e-05,2025-05-04 04:00:25,2025-05-04 04:44:43
WHITE-USD-SWAP-LIN,1e-06,2025-05-04 05:00:26,2025-05-04 05:39:27
WHITE-USD-SWAP-LIN,2.6e-05,2025-05-04 06:00:26,2025-05-04 06:48:11
WHITE-USD-SWAP-LIN,8e-06,2025-05-04 07:00:25,2025-05-04 07:37:43
WHITE-USD-SWAP-LIN,0.0,2025-05-04 08:00:24,2025-05-04 08:44:22
WHITE-USD-SWAP-LIN,1.5e-05,2025-05-04 09:00:23,2025-05-04 09:39:18
WIF-USD-SWAP-LIN,4e-05,2025-05-04 02:00:09,2025-05-04 02:02:09
WIF-USD-SWAP-LIN,1.5e-05,2025-05-04 03:00:10,2025-05-04 03:23:06
WIF-USD-SWAP-LIN,2.4e-05,2025-05-04 04:00:09,2025-05-04 04:30:03
WIF-USD-SWAP-LIN,2.1e-05,2025-05-04 05:00:07,2025-05-04 05:24:45
WIF-USD-SWAP-LIN,2.5e-05,2025-05-04 06:00:07,2025-05-04 06:33:32
WIF-USD-SWAP-LIN,2.9e-05,2025-05-04 07:00:07,2025-05-04 07:23:02
WIF-USD-SWAP-LIN,2.7e-05,2025-05-04 08:00:07,2025-05-04 08:29:38
WIF-USD-SWAP-LIN,2.1e-05,2025-05-04 09:00:07,2025-05-04 09:24:34
WLD-USD-SWAP-LIN,-1.6e-05,2025-05-04 02:00:06,2025-05-04 02:00:54
WLD-USD-SWAP-LIN,-2.4e-05,2025-05-04 03:00:07,2025-05-04 03:21:51
WLD-USD-SWAP-LIN,-2.5e-05,2025-05-04 04:00:05,2025-05-04 04:28:47
WLD-USD-SWAP-LIN,-2.9e-05,2025-05-04 05:00:04,2025-05-04 05:23:29
WLD-USD-SWAP-LIN,-1.7e-05,2025-05-04 06:00:04,2025-05-04 06:32:17
WLD-USD-SWAP-LIN,1.9e-05,2025-05-04 07:00:05,2025-05-04 07:21:47
WLD-USD-SWAP-LIN,-2.3e-05,2025-05-04 08:00:05,2025-05-04 08:28:22
WLD-USD-SWAP-LIN,-1.9e-05,2025-05-04 09:00:05,2025-05-04 09:23:19
WOJAK-USD-SWAP-LIN,-1.2e-05,2025-05-04 02:00:10,2025-05-04 02:02:52
WOJAK-USD-SWAP-LIN,-1e-05,2025-05-04 03:00:11,2025-05-04 03:23:49
WOJAK-USD-SWAP-LIN,-1.5e-05,2025-05-04 04:00:10,2025-05-04 04:30:46
WOJAK-USD-SWAP-LIN,-2.1e-05,2025-05-04 05:00:08,2025-05-04 05:25:28
WOJAK-USD-SWAP-LIN,-9.7e-05,2025-05-04 06:00:08,2025-05-04 06:34:16
WOJAK-USD-SWAP-LIN,-4.9e-05,2025-05-04 07:00:08,2025-05-04 07:23:45
WOJAK-USD-SWAP-LIN,-7e-06,2025-05-04 08:00:08,2025-05-04 08:30:20
WOJAK-USD-SWAP-LIN,-8e-06,2025-05-04 09:00:08,2025-05-04 09:25:18
WOLFETH-USD-SWAP-LIN,0.000606,2025-05-04 02:00:20,2025-05-04 02:13:13
WOLFETH-USD-SWAP-LIN,0.000608,2025-05-04 03:00:21,2025-05-04 03:34:12
WOLFETH-USD-SWAP-LIN,0.000471,2025-05-04 04:00:21,2025-05-04 04:41:10
WOLFETH-USD-SWAP-LIN,0.000598,2025-05-04 05:00:22,2025-05-04 05:35:54
WOLFETH-USD-SWAP-LIN,0.00054,2025-05-04 06:00:21,2025-05-04 06:44:38
WOLFETH-USD-SWAP-LIN,0.000668,2025-05-04 07:00:19,2025-05-04 07:34:10
WOLFETH-USD-SWAP-LIN,0.00062,2025-05-04 08:00:19,2025-05-04 08:40:48
WOLFETH-USD-SWAP-LIN,0.000625,2025-05-04 09:00:19,2025-05-04 09:35:45
WOO-USD-SWAP-LIN,-5.8e-05,2025-05-04 02:00:11,2025-05-04 02:04:14
WOO-USD-SWAP-LIN,-5.7e-05,2025-05-04 03:00:12,2025-05-04 03:25:12
WOO-USD-SWAP-LIN,-5.1e-05,2025-05-04 04:00:12,2025-05-04 04:32:10
WOO-USD-SWAP-LIN,-6.4e-05,2025-05-04 05:00:09,2025-05-04 05:26:51
WOO-USD-SWAP-LIN,-6.3e-05,2025-05-04 06:00:09,2025-05-04 06:35:40
WOO-USD-SWAP-LIN,-6.6e-05,2025-05-04 07:00:10,2025-05-04 07:25:08
WOO-USD-SWAP-LIN,-6.4e-05,2025-05-04 08:00:10,2025-05-04 08:31:44
WOO-USD-SWAP-LIN,-5.7e-05,2025-05-04 09:00:10,2025-05-04 09:26:42
WOULD-USD-SWAP-LIN,-8e-06,2025-05-04 02:00:23,2025-05-04 02:15:16
WOULD-USD-SWAP-LIN,-4e-06,2025-05-04 03:00:22,2025-05-04 03:36:16
WOULD-USD-SWAP-LIN,-5e-06,2025-05-04 04:00:23,2025-05-04 04:43:13
WOULD-USD-SWAP-LIN,-6e-06,2025-05-04 05:00:24,2025-05-04 05:37:57
WOULD-USD-SWAP-LIN,-5e-06,2025-05-04 06:00:24,2025-05-04 06:46:42
WOULD-USD-SWAP-LIN,-4e-06,2025-05-04 07:00:23,2025-05-04 07:36:13
WOULD-USD-SWAP-LIN,-1e-06,2025-05-04 08:00:22,2025-05-04 08:42:51
WOULD-USD-SWAP-LIN,-6e-06,2025-05-04 09:00:21,2025-05-04 09:37:49
XAI-USD-SWAP-LIN,-2.7e-05,2025-05-04 02:00:06,2025-05-04 02:00:25
XAI-USD-SWAP-LIN,-2.2e-05,2025-05-04 03:00:07,2025-05-04 03:21:21
XAI-USD-SWAP-LIN,-2.9e-05,2025-05-04 04:00:05,2025-05-04 04:28:19
XAI-USD-SWAP-LIN,-2.3e-05,2025-05-04 05:00:04,2025-05-04 05:23:01
XAI-USD-SWAP-LIN,-2.4e-05,2025-05-04 06:00:04,2025-05-04 06:31:48
XAI-USD-SWAP-LIN,-9e-06,2025-05-04 07:00:04,2025-05-04 07:21:19
XAI-USD-SWAP-LIN,-1.7e-05,2025-05-04 08:00:05,2025-05-04 08:27:52
XAI-USD-SWAP-LIN,-2.5e-05,2025-05-04 09:00:05,2025-05-04 09:22:51
XDC-USD-SWAP-LIN,5e-06,2025-05-04 02:00:22,2025-05-04 02:14:48
XDC-USD-SWAP-LIN,4e-06,2025-05-04 03:00:22,2025-05-04 03:35:46
XDC-USD-SWAP-LIN,3e-06,2025-05-04 04:00:23,2025-05-04 04:42:44
XDC-USD-SWAP-LIN,-5e-06,2025-05-04 05:00:24,2025-05-04 05:37:29
XDC-USD-SWAP-LIN,6e-06,2025-05-04 06:00:23,2025-05-04 06:46:12
XDC-USD-SWAP-LIN,1e-05,2025-05-04 07:00:21,2025-05-04 07:35:43
XDC-USD-SWAP-LIN,1.5e-05,2025-05-04 08:00:21,2025-05-04 08:42:22
XDC-USD-SWAP-LIN,-1e-06,2025-05-04 09:00:21,2025-05-04 09:37:20
XLM-USD-SWAP-LIN,-2.7e-05,2025-05-04 02:00:18,2025-05-04 02:11:29
XLM-USD-SWAP-LIN,-2.1e-05,2025-05-04 03:00:19,2025-05-04 03:32:28
XLM-USD-SWAP-LIN,-2.1e-05,2025-05-04 04:00:19,2025-05-04 04:39:25
XLM-USD-SWAP-LIN,-2.7e-05,2025-05-04 05:00:20,2025-05-04 05:34:09
XLM-USD-SWAP-LIN,-2.5e-05,2025-05-04 06:00:19,2025-05-04 06:42:54
XLM-USD-SWAP-LIN,-2.1e-05,2025-05-04 07:00:17,2025-05-04 07:32:25
XLM-USD-SWAP-LIN,-2.9e-05,2025-05-04 08:00:17,2025-05-04 08:39:04
XLM-USD-SWAP-LIN,-2.7e-05,2025-05-04 09:00:17,2025-05-04 09:34:01
XMR-USD-SWAP-LIN,-3.3e-05,2025-05-04 02:00:07,2025-05-04 02:01:26
XMR-USD-SWAP-LIN,-3.3e-05,2025-05-04 03:00:08,2025-05-04 03:22:23
XMR-USD-SWAP-LIN,-3.4e-05,2025-05-04 04:00:05,2025-05-04 04:29:20
XMR-USD-SWAP-LIN,-3.3e-05,2025-05-04 05:00:05,2025-05-04 05:24:02
XMR-USD-SWAP-LIN,-3.7e-05,2025-05-04 06:00:05,2025-05-04 06:32:50
XMR-USD-SWAP-LIN,-5.3e-05,2025-05-04 07:00:05,2025-05-04 07:22:19
XMR-USD-SWAP-LIN,-3.6e-05,2025-05-04 08:00:05,2025-05-04 08:28:54
XMR-USD-SWAP-LIN,-3.7e-05,2025-05-04 09:00:06,2025-05-04 09:23:51
XRP-USD-SWAP-LIN,-3e-05,2025-05-04 01:00:03,2025-05-04 01:59:09
XRP-USD-SWAP-LIN,-2.7e-05,2025-05-04 03:00:05,2025-05-04 03:20:06
XRP-USD-SWAP-LIN,-2.9e-05,2025-05-04 04:00:03,2025-05-04 04:27:03
XRP-USD-SWAP-LIN,-2.9e-05,2025-05-04 05:00:02,2025-05-04 05:21:45
XRP-USD-SWAP-LIN,-3.1e-05,2025-05-04 06:00:02,2025-05-04 06:30:31
XRP-USD-SWAP-LIN,-3.2e-05,2025-05-04 07:00:02,2025-05-04 07:20:03
XRP-USD-SWAP-LIN,-3e-05,2025-05-04 08:00:03,2025-05-04 08:26:37
XRP-USD-SWAP-LIN,-2.9e-05,2025-05-04 09:00:03,2025-05-04 09:21:35
XTZ-USD-SWAP-LIN,-5e-06,2025-05-04 02:00:19,2025-05-04 02:12:24
XTZ-USD-SWAP-LIN,-5e-06,2025-05-04 03:00:20,2025-05-04 03:33:21
XTZ-USD-SWAP-LIN,-3e-06,2025-05-04 04:00:20,2025-05-04 04:40:19
XTZ-USD-SWAP-LIN,0.0,2025-05-04 05:00:21,2025-05-04 05:35:03
XTZ-USD-SWAP-LIN,8e-06,2025-05-04 06:00:20,2025-05-04 06:43:48
XTZ-USD-SWAP-LIN,5e-06,2025-05-04 07:00:18,2025-05-04 07:33:20
XTZ-USD-SWAP-LIN,-3e-06,2025-05-04 08:00:18,2025-05-04 08:39:58
XTZ-USD-SWAP-LIN,2e-06,2025-05-04 09:00:18,2025-05-04 09:34:54
XYO-USD-SWAP-LIN,0.0,2025-05-04 02:00:17,2025-05-04 02:10:27
XYO-USD-SWAP-LIN,3e-06,2025-05-04 03:00:18,2025-05-04 03:31:26
XYO-USD-SWAP-LIN,3e-06,2025-05-04 04:00:18,2025-05-04 04:38:24
XYO-USD-SWAP-LIN,2e-06,2025-05-04 05:00:19,2025-05-04 05:33:07
XYO-USD-SWAP-LIN,-2e-06,2025-05-04 06:00:16,2025-05-04 06:41:53
XYO-USD-SWAP-LIN,2e-06,2025-05-04 07:00:16,2025-05-04 07:31:23
XYO-USD-SWAP-LIN,2e-06,2025-05-04 08:00:16,2025-05-04 08:38:02
XYO-USD-SWAP-LIN,4e-06,2025-05-04 09:00:16,2025-05-04 09:32:59
YNE-USD-SWAP-LIN,-2.7e-05,2025-05-04 02:00:21,2025-05-04 02:14:00
YNE-USD-SWAP-LIN,-2.6e-05,2025-05-04 03:00:21,2025-05-04 03:34:59
YNE-USD-SWAP-LIN,-3.2e-05,2025-05-04 04:00:22,2025-05-04 04:41:57
YNE-USD-SWAP-LIN,3.8e-05,2025-05-04 05:00:23,2025-05-04 05:36:41
YNE-USD-SWAP-LIN,-4e-05,2025-05-04 06:00:22,2025-05-04 06:45:25
YNE-USD-SWAP-LIN,-3.4e-05,2025-05-04 07:00:20,2025-05-04 07:34:57
YNE-USD-SWAP-LIN,-3.1e-05,2025-05-04 08:00:20,2025-05-04 08:41:35
YNE-USD-SWAP-LIN,-1.8e-05,2025-05-04 09:00:20,2025-05-04 09:36:32
ZEC-USD-SWAP-LIN,2e-06,2025-05-04 02:00:14,2025-05-04 02:07:07
ZEC-USD-SWAP-LIN,-2e-06,2025-05-04 03:00:15,2025-05-04 03:28:05
ZEC-USD-SWAP-LIN,1e-06,2025-05-04 04:00:15,2025-05-04 04:35:02
ZEC-USD-SWAP-LIN,1e-06,2025-05-04 05:00:16,2025-05-04 05:29:45
ZEC-USD-SWAP-LIN,-1e-06,2025-05-04 06:00:13,2025-05-04 06:38:33
ZEC-USD-SWAP-LIN,6e-06,2025-05-04 07:00:13,2025-05-04 07:28:01
ZEC-USD-SWAP-LIN,1e-06,2025-05-04 08:00:13,2025-05-04 08:34:37
ZEC-USD-SWAP-LIN,0.0,2025-05-04 09:00:13,2025-05-04 09:29:36
ZENT-USD-SWAP-LIN,2e-06,2025-05-04 02:00:22,2025-05-04 02:14:58
ZENT-USD-SWAP-LIN,-2e-06,2025-05-04 03:00:22,2025-05-04 03:35:57
ZENT-USD-SWAP-LIN,2e-06,2025-05-04 04:00:23,2025-05-04 04:42:54
ZENT-USD-SWAP-LIN,1e-06,2025-05-04 05:00:24,2025-05-04 05:37:39
ZENT-USD-SWAP-LIN,3e-06,2025-05-04 06:00:23,2025-05-04 06:46:23
ZENT-USD-SWAP-LIN,2e-06,2025-05-04 07:00:21,2025-05-04 07:35:54
ZENT-USD-SWAP-LIN,8e-06,2025-05-04 08:00:21,2025-05-04 08:42:33
ZENT-USD-SWAP-LIN,3e-06,2025-05-04 09:00:21,2025-05-04 09:37:30
ZEREBRO-USD-SWAP-LIN,4.6e-05,2025-05-04 02:00:17,2025-05-04 02:10:45
ZEREBRO-USD-SWAP-LIN,4.7e-05,2025-05-04 03:00:18,2025-05-04 03:31:44
ZEREBRO-USD-SWAP-LIN,5.2e-05,2025-05-04 04:00:18,2025-05-04 04:38:42
ZEREBRO-USD-SWAP-LIN,4.7e-05,2025-05-04 05:00:19,2025-05-04 05:33:25
ZEREBRO-USD-SWAP-LIN,4.8e-05,2025-05-04 06:00:16,2025-05-04 06:42:11
ZEREBRO-USD-SWAP-LIN,6.1e-05,2025-05-04 07:00:16,2025-05-04 07:31:41
ZEREBRO-USD-SWAP-LIN,-4e-06,2025-05-04 08:00:16,2025-05-04 08:38:20
ZEREBRO-USD-SWAP-LIN,-0.000362,2025-05-04 09:00:16,2025-05-04 09:33:17
ZETA-USD-SWAP-LIN,1e-06,2025-05-04 02:00:06,2025-05-04 02:00:46
ZETA-USD-SWAP-LIN,0.0,2025-05-04 03:00:07,2025-05-04 03:21:44
ZETA-USD-SWAP-LIN,1e-06,2025-05-04 04:00:05,2025-05-04 04:28:40
ZETA-USD-SWAP-LIN,1e-06,2025-05-04 05:00:04,2025-05-04 05:23:22
ZETA-USD-SWAP-LIN,1e-06,2025-05-04 06:00:04,2025-05-04 06:32:10
ZETA-USD-SWAP-LIN,2.6e-05,2025-05-04 07:00:04,2025-05-04 07:21:40
ZETA-USD-SWAP-LIN,0.0,2025-05-04 08:00:05,2025-05-04 08:28:14
ZETA-USD-SWAP-LIN,0.0,2025-05-04 09:00:05,2025-05-04 09:23:11
ZEUS-USD-SWAP-LIN,-1e-06,2025-05-04 02:00:18,2025-05-04 02:11:07
ZEUS-USD-SWAP-LIN,1e-06,2025-05-04 03:00:18,2025-05-04 03:32:05
ZEUS-USD-SWAP-LIN,3e-06,2025-05-04 04:00:18,2025-05-04 04:39:03
ZEUS-USD-SWAP-LIN,0.0,2025-05-04 05:00:20,2025-05-04 05:33:46
ZEUS-USD-SWAP-LIN,-3.6e-05,2025-05-04 06:00:18,2025-05-04 06:42:33
ZEUS-USD-SWAP-LIN,8e-06,2025-05-04 07:00:16,2025-05-04 07:32:03
ZEUS-USD-SWAP-LIN,1e-06,2025-05-04 08:00:17,2025-05-04 08:38:42
ZEUS-USD-SWAP-LIN,4e-06,2025-05-04 09:00:17,2025-05-04 09:33:39
ZK-USD-SWAP-LIN,-3.8e-05,2025-05-04 02:00:14,2025-05-04 02:06:13
ZK-USD-SWAP-LIN,-4e-05,2025-05-04 03:00:14,2025-05-04 03:27:12
ZK-USD-SWAP-LIN,-3.9e-05,2025-05-04 04:00:14,2025-05-04 04:34:08
ZK-USD-SWAP-LIN,-3.7e-05,2025-05-04 05:00:15,2025-05-04 05:28:51
ZK-USD-SWAP-LIN,-3.2e-05,2025-05-04 06:00:12,2025-05-04 06:37:38
ZK-USD-SWAP-LIN,-1.4e-05,2025-05-04 07:00:12,2025-05-04 07:27:08
ZK-USD-SWAP-LIN,-3.4e-05,2025-05-04 08:00:12,2025-05-04 08:33:44
ZK-USD-SWAP-LIN,-3.5e-05,2025-05-04 09:00:12,2025-05-04 09:28:41
ZORA-USD-SWAP-LIN,5.4e-05,2025-05-04 02:00:27,2025-05-04 02:18:20
ZORA-USD-SWAP-LIN,3.4e-05,2025-05-04 03:00:27,2025-05-04 03:39:22
ZORA-USD-SWAP-LIN,6e-05,2025-05-04 04:00:28,2025-05-04 04:46:17
ZORA-USD-SWAP-LIN,5.4e-05,2025-05-04 05:00:29,2025-05-04 05:41:02
ZORA-USD-SWAP-LIN,5.2e-05,2025-05-04 06:00:28,2025-05-04 06:49:44
ZORA-USD-SWAP-LIN,-1.4e-05,2025-05-04 07:00:28,2025-05-04 07:39:19
ZORA-USD-SWAP-LIN,4e-06,2025-05-04 08:00:29,2025-05-04 08:45:56
ZORA-USD-SWAP-LIN,-1.3e-05,2025-05-04 09:00:25,2025-05-04 09:40:52
ZRO-USD-SWAP-LIN,-2.8e-05,2025-05-04 02:00:14,2025-05-04 02:06:17
ZRO-USD-SWAP-LIN,-3.6e-05,2025-05-04 03:00:14,2025-05-04 03:27:15
ZRO-USD-SWAP-LIN,-3.1e-05,2025-05-04 04:00:14,2025-05-04 04:34:11
ZRO-USD-SWAP-LIN,-3.4e-05,2025-05-04 05:00:15,2025-05-04 05:28:55
ZRO-USD-SWAP-LIN,-3.5e-05,2025-05-04 06:00:12,2025-05-04 06:37:42
ZRO-USD-SWAP-LIN,-3.1e-05,2025-05-04 07:00:12,2025-05-04 07:27:11
ZRO-USD-SWAP-LIN,-3.2e-05,2025-05-04 08:00:12,2025-05-04 08:33:48
ZRO-USD-SWAP-LIN,-3.8e-05,2025-05-04 09:00:12,2025-05-04 09:28:45
gork-USD-SWAP-LIN,-0.000301,2025-05-04 02:00:27,2025-05-04 02:18:31
gork-USD-SWAP-LIN,-0.000521,2025-05-04 03:00:27,2025-05-04 03:39:33
gork-USD-SWAP-LIN,-0.000626,2025-05-04 04:00:28,2025-05-04 04:46:28
gork-USD-SWAP-LIN,-0.000595,2025-05-04 05:00:29,2025-05-04 05:41:13
gork-USD-SWAP-LIN,-0.000551,2025-05-04 06:00:29,2025-05-04 06:49:55
gork-USD-SWAP-LIN,-0.000622,2025-05-04 07:00:28,2025-05-04 07:39:29
gork-USD-SWAP-LIN,-0.000341,2025-05-04 08:00:29,2025-05-04 08:46:07
gork-USD-SWAP-LIN,-0.000336,2025-05-04 09:00:25,2025-05-04 09:41:03
neet-USD-SWAP-LIN,0.0,2025-05-04 08:00:30,2025-05-04 08:46:21
neet-USD-SWAP-LIN,-1e-05,2025-05-04 09:00:26,2025-05-04 09:41:18
wQUIL-USD-SWAP-LIN,1e-05,2025-05-04 02:00:15,2025-05-04 02:07:56
wQUIL-USD-SWAP-LIN,1.1e-05,2025-05-04 03:00:16,2025-05-04 03:28:55
wQUIL-USD-SWAP-LIN,9e-06,2025-05-04 04:00:15,2025-05-04 04:35:52
wQUIL-USD-SWAP-LIN,8e-06,2025-05-04 05:00:16,2025-05-04 05:30:35
wQUIL-USD-SWAP-LIN,3e-06,2025-05-04 06:00:13,2025-05-04 06:39:23
wQUIL-USD-SWAP-LIN,2e-05,2025-05-04 07:00:13,2025-05-04 07:28:51
wQUIL-USD-SWAP-LIN,1.4e-05,2025-05-04 08:00:14,2025-05-04 08:35:28
wQUIL-USD-SWAP-LIN,1.1e-05,2025-05-04 09:00:14,2025-05-04 09:30:25
